  0.000  5.453E-11    1.9690  2.0000E+04  2.175920393E-019
  0.000  1.485E+04    2.1526  2.0991E+04  2.023897018E-019
  0.000  3.044E+04    2.3377  2.2031E+04  1.880084417E-019
  0.000  4.681E+04    2.5240  2.3123E+04  1.744380832E-019
  0.000  6.398E+04    2.7116  2.4268E+04  1.616626996E-019
  0.000  8.200E+04    2.9004  2.5471E+04  1.496616923E-019
  0.000  1.009E+05    3.0902  2.6733E+04  1.384107526E-019
  0.000  1.208E+05    3.2811  2.8057E+04  1.278827107E-019
  0.000  1.416E+05    3.4730  2.9447E+04  1.180482784E-019
  0.000  1.635E+05    3.6658  3.0906E+04  1.088766930E-019
  0.000  1.864E+05    3.8595  3.2437E+04  1.003362704E-019
  0.000  2.105E+05    4.0541  3.4045E+04  9.239487476E-020
  0.000  2.358E+05    4.2494  3.5731E+04  8.502031355E-020
  0.000  2.623E+05    4.4455  3.7502E+04  7.818066547E-020
  0.000  2.902E+05    4.6422  3.9360E+04  7.184454884E-020
  0.000  3.194E+05    4.8397  4.1310E+04  6.598133759E-020
  0.000  3.501E+05    5.0377  4.3357E+04  6.056133148E-020
  0.000  3.823E+05    5.2364  4.5505E+04  5.555588641E-020
  0.000  4.161E+05    5.4357  4.7759E+04  5.093751062E-020
  0.000  4.516E+05    5.6354  5.0126E+04  4.667993156E-020
  0.000  4.888E+05    5.8357  5.2609E+04  4.275813808E-020
  0.000  5.279E+05    6.0365  5.5216E+04  3.914840171E-020
  0.000  5.689E+05    6.2377  5.7952E+04  3.582828080E-020
  0.000  6.119E+05    6.4394  6.0823E+04  3.277661041E-020
  0.000  6.571E+05    6.6415  6.3837E+04  2.997348078E-020
  0.000  7.045E+05    6.8439  6.6999E+04  2.740020666E-020
  0.000  7.543E+05    7.0468  7.0319E+04  2.503928950E-020
  0.000  8.065E+05    7.2499  7.3803E+04  2.287437436E-020
  0.000  8.613E+05    7.4535  7.7460E+04  2.089020280E-020
  0.000  9.188E+05    7.6573  8.1298E+04  1.907256317E-020
  0.000  9.792E+05    7.8615  8.5326E+04  1.740823927E-020
  0.000  1.043E+06    8.0659  8.9553E+04  1.588495823E-020
  0.000  1.109E+06    8.2706  9.3990E+04  1.449133835E-020
  0.000  1.179E+06    8.4755  9.8647E+04  1.321683743E-020
  0.000  1.252E+06    8.6808  1.0353E+05  1.205170215E-020
  0.000  1.329E+06    8.8862  1.0866E+05  1.098691867E-020
  0.000  1.410E+06    9.0919  1.1405E+05  1.001416500E-020
  0.000  1.494E+06    9.2977  1.1970E+05  9.125765067E-021
  0.000  1.583E+06    9.5038  1.2563E+05  8.314644811E-021
  0.000  1.677E+06    9.7101  1.3185E+05  7.574290349E-021
  0.000  1.775E+06    9.9165  1.3839E+05  6.898708246E-021
  0.000  1.877E+06   10.1231  1.4524E+05  6.282387928E-021
  0.000  1.985E+06   10.3299  1.5244E+05  5.720266234E-021
  0.000  2.098E+06   10.5368  1.5999E+05  5.207694071E-021
  0.000  2.217E+06   10.7439  1.6792E+05  4.740405124E-021
  0.000  2.342E+06   10.9511  1.7624E+05  4.314486562E-021
  0.000  2.473E+06   11.1585  1.8497E+05  3.926351671E-021
  0.000  2.610E+06   11.3660  1.9414E+05  3.572714331E-021
  0.000  2.754E+06   11.5736  2.0375E+05  3.250565257E-021
  0.000  2.906E+06   11.7813  2.1385E+05  2.957149912E-021
  0.000  3.065E+06   11.9891  2.2445E+05  2.689948014E-021
  0.000  3.231E+06   12.1971  2.3557E+05  2.446654535E-021
  0.000  3.406E+06   12.4051  2.4724E+05  2.225162117E-021
  0.000  3.590E+06   12.6132  2.5949E+05  2.023544806E-021
  0.000  3.783E+06   12.8215  2.7234E+05  1.840043040E-021
  0.000  3.985E+06   13.0298  2.8584E+05  1.673049780E-021
  0.000  4.197E+06   13.2382  3.0000E+05  1.521097740E-021

  0.125  5.453E-11    1.9593  2.0000E+04  2.195353756E-019
  0.125  1.485E+04    2.1430  2.0991E+04  2.041974277E-019
  0.125  3.044E+04    2.3280  2.2031E+04  1.896878587E-019
  0.125  4.681E+04    2.5144  2.3123E+04  1.759964059E-019
  0.125  6.398E+04    2.7019  2.4268E+04  1.631070043E-019
  0.125  8.200E+04    2.8907  2.5471E+04  1.509988750E-019
  0.125  1.009E+05    3.0806  2.6733E+04  1.396474952E-019
  0.125  1.208E+05    3.2715  2.8057E+04  1.290254551E-019
  0.125  1.416E+05    3.4634  2.9447E+04  1.191032071E-019
  0.125  1.635E+05    3.6562  3.0906E+04  1.098497161E-019
  0.125  1.864E+05    3.8499  3.2437E+04  1.012330168E-019
  0.125  2.105E+05    4.0444  3.4045E+04  9.322068779E-020
  0.125  2.358E+05    4.2397  3.5731E+04  8.578025044E-020
  0.125  2.623E+05    4.4358  3.7502E+04  7.887949947E-020
  0.125  2.902E+05    4.6326  3.9360E+04  7.248677393E-020
  0.125  3.194E+05    4.8300  4.1310E+04  6.657117505E-020
  0.125  3.501E+05    5.0281  4.3357E+04  6.110273801E-020
  0.125  3.823E+05    5.2267  4.5505E+04  5.605256347E-020
  0.125  4.161E+05    5.4260  4.7759E+04  5.139291463E-020
  0.125  4.516E+05    5.6258  5.0126E+04  4.709728469E-020
  0.125  4.888E+05    5.8260  5.2609E+04  4.314043942E-020
  0.125  5.279E+05    6.0268  5.5216E+04  3.949843871E-020
  0.125  5.689E+05    6.2280  5.7952E+04  3.614864065E-020
  0.125  6.119E+05    6.4297  6.0823E+04  3.306969146E-020
  0.125  6.571E+05    6.6318  6.3837E+04  3.024150366E-020
  0.125  7.045E+05    6.8343  6.6999E+04  2.764522520E-020
  0.125  7.543E+05    7.0371  7.0319E+04  2.526320131E-020
  0.125  8.065E+05    7.2403  7.3803E+04  2.307893102E-020
  0.125  8.613E+05    7.4438  7.7460E+04  2.107701961E-020
  0.125  9.188E+05    7.6476  8.1298E+04  1.924312853E-020
  0.125  9.792E+05    7.8518  8.5326E+04  1.756392351E-020
  0.125  1.043E+06    8.0562  8.9553E+04  1.602702206E-020
  0.125  1.109E+06    8.2609  9.3990E+04  1.462094079E-020
  0.125  1.179E+06    8.4659  9.8647E+04  1.333504332E-020
  0.125  1.252E+06    8.6711  1.0353E+05  1.215948918E-020
  0.125  1.329E+06    8.8765  1.0866E+05  1.108518399E-020
  0.125  1.410E+06    9.0822  1.1405E+05  1.010373138E-020
  0.125  1.494E+06    9.2881  1.1970E+05  9.207386677E-021
  0.125  1.583E+06    9.4941  1.2563E+05  8.389012608E-021
  0.125  1.677E+06    9.7004  1.3185E+05  7.642037064E-021
  0.125  1.775E+06    9.9068  1.3839E+05  6.960413039E-021
  0.125  1.877E+06   10.1135  1.4524E+05  6.338580701E-021
  0.125  1.985E+06   10.3202  1.5244E+05  5.771431628E-021
  0.125  2.098E+06   10.5272  1.5999E+05  5.254275166E-021
  0.125  2.217E+06   10.7342  1.6792E+05  4.782806860E-021
  0.125  2.342E+06   10.9415  1.7624E+05  4.353078896E-021
  0.125  2.473E+06   11.1488  1.8497E+05  3.961472495E-021
  0.125  2.610E+06   11.3563  1.9414E+05  3.604672155E-021
  0.125  2.754E+06   11.5639  2.0375E+05  3.279641683E-021
  0.125  2.906E+06   11.7716  2.1385E+05  2.983601914E-021
  0.125  3.065E+06   11.9795  2.2445E+05  2.714010031E-021
  0.125  3.231E+06   12.1874  2.3557E+05  2.468540393E-021
  0.125  3.406E+06   12.3954  2.4724E+05  2.245066798E-021
  0.125  3.590E+06   12.6036  2.5949E+05  2.041646071E-021
  0.125  3.783E+06   12.8118  2.7234E+05  1.856502913E-021
  0.125  3.985E+06   13.0201  2.8584E+05  1.688015915E-021
  0.125  4.197E+06   13.2285  3.0000E+05  1.534704668E-021

  0.250  5.453E-11    1.9688  2.0000E+04  2.176243601E-019
  0.250  1.485E+04    2.1525  2.0991E+04  2.024203172E-019
  0.250  3.044E+04    2.3375  2.2031E+04  1.880373660E-019
  0.250  4.681E+04    2.5238  2.3123E+04  1.744653437E-019
  0.250  6.398E+04    2.7114  2.4268E+04  1.616883345E-019
  0.250  8.200E+04    2.9002  2.5471E+04  1.496857483E-019
  0.250  1.009E+05    3.0900  2.6733E+04  1.384332834E-019
  0.250  1.208E+05    3.2809  2.8057E+04  1.279037749E-019
  0.250  1.416E+05    3.4728  2.9447E+04  1.180679383E-019
  0.250  1.635E+05    3.6657  3.0906E+04  1.088950134E-019
  0.250  1.864E+05    3.8594  3.2437E+04  1.003533176E-019
  0.250  2.105E+05    4.0539  3.4045E+04  9.241071535E-020
  0.250  2.358E+05    4.2492  3.5731E+04  8.503501403E-020
  0.250  2.623E+05    4.4453  3.7502E+04  7.819429142E-020
  0.250  2.902E+05    4.6420  3.9360E+04  7.185716450E-020
  0.250  3.194E+05    4.8395  4.1310E+04  6.599300546E-020
  0.250  3.501E+05    5.0375  4.3357E+04  6.057211197E-020
  0.250  3.823E+05    5.2362  4.5505E+04  5.556583764E-020
  0.250  4.161E+05    5.4355  4.7759E+04  5.094668825E-020
  0.250  4.516E+05    5.6352  5.0126E+04  4.668838869E-020
  0.250  4.888E+05    5.8355  5.2609E+04  4.276592515E-020
  0.250  5.279E+05    6.0363  5.5216E+04  3.915556651E-020
  0.250  5.689E+05    6.2375  5.7952E+04  3.583486845E-020
  0.250  6.119E+05    6.4392  6.0823E+04  3.278266341E-020
  0.250  6.571E+05    6.6412  6.3837E+04  2.997903907E-020
  0.250  7.045E+05    6.8437  6.6999E+04  2.740530766E-020
  0.250  7.543E+05    7.0466  7.0319E+04  2.504396825E-020
  0.250  8.065E+05    7.2497  7.3803E+04  2.287866355E-020
  0.250  8.613E+05    7.4533  7.7460E+04  2.089413292E-020
  0.250  9.188E+05    7.6571  8.1298E+04  1.907616258E-020
  0.250  9.792E+05    7.8613  8.5326E+04  1.741153434E-020
  0.250  1.043E+06    8.0657  8.9553E+04  1.588797342E-020
  0.250  1.109E+06    8.2704  9.3990E+04  1.449409634E-020
  0.250  1.179E+06    8.4753  9.8647E+04  1.321935921E-020
  0.250  1.252E+06    8.6805  1.0353E+05  1.205400711E-020
  0.250  1.329E+06    8.8860  1.0866E+05  1.098902475E-020
  0.250  1.410E+06    9.0916  1.1405E+05  1.001608875E-020
  0.250  1.494E+06    9.2975  1.1970E+05  9.127521722E-021
  0.250  1.583E+06    9.5036  1.2563E+05  8.316248426E-021
  0.250  1.677E+06    9.7099  1.3185E+05  7.575753857E-021
  0.250  1.775E+06    9.9163  1.3839E+05  6.900043540E-021
  0.250  1.877E+06   10.1229  1.4524E+05  6.283605939E-021
  0.250  1.985E+06   10.3297  1.5244E+05  5.721377004E-021
  0.250  2.098E+06   10.5366  1.5999E+05  5.208706816E-021
  0.250  2.217E+06   10.7437  1.6792E+05  4.741328300E-021
  0.250  2.342E+06   10.9509  1.7624E+05  4.315327922E-021
  0.250  2.473E+06   11.1583  1.8497E+05  3.927118319E-021
  0.250  2.610E+06   11.3658  1.9414E+05  3.573412776E-021
  0.250  2.754E+06   11.5734  2.0375E+05  3.251201456E-021
  0.250  2.906E+06   11.7811  2.1385E+05  2.957729319E-021
  0.250  3.065E+06   11.9889  2.2445E+05  2.690475616E-021
  0.250  3.231E+06   12.1969  2.3557E+05  2.447134893E-021
  0.250  3.406E+06   12.4049  2.4724E+05  2.225599400E-021
  0.250  3.590E+06   12.6130  2.5949E+05  2.023942825E-021
  0.250  3.783E+06   12.8213  2.7234E+05  1.840405273E-021
  0.250  3.985E+06   13.0296  2.8584E+05  1.673379405E-021
  0.250  4.197E+06   13.2379  3.0000E+05  1.521397658E-021

  0.375  5.453E-11    1.9591  2.0000E+04  2.195814905E-019
  0.375  1.485E+04    2.1427  2.0991E+04  2.042411095E-019
  0.375  3.044E+04    2.3278  2.2031E+04  1.897291277E-019
  0.375  4.681E+04    2.5141  2.3123E+04  1.760353012E-019
  0.375  6.398E+04    2.7017  2.4268E+04  1.631435803E-019
  0.375  8.200E+04    2.8905  2.5471E+04  1.510331984E-019
  0.375  1.009E+05    3.0803  2.6733E+04  1.396796424E-019
  0.375  1.208E+05    3.2712  2.8057E+04  1.290555097E-019
  0.375  1.416E+05    3.4631  2.9447E+04  1.191312582E-019
  0.375  1.635E+05    3.6559  3.0906E+04  1.098758560E-019
  0.375  1.864E+05    3.8496  3.2437E+04  1.012573400E-019
  0.375  2.105E+05    4.0441  3.4045E+04  9.324328947E-020
  0.375  2.358E+05    4.2395  3.5731E+04  8.580122539E-020
  0.375  2.623E+05    4.4355  3.7502E+04  7.889894130E-020
  0.375  2.902E+05    4.6323  3.9360E+04  7.250477427E-020
  0.375  3.194E+05    4.8297  4.1310E+04  6.658782306E-020
  0.375  3.501E+05    5.0278  4.3357E+04  6.111811990E-020
  0.375  3.823E+05    5.2265  4.5505E+04  5.606676218E-020
  0.375  4.161E+05    5.4257  4.7759E+04  5.140600956E-020
  0.375  4.516E+05    5.6255  5.0126E+04  4.710935159E-020
  0.375  4.888E+05    5.8258  5.2609E+04  4.315155028E-020
  0.375  5.279E+05    6.0265  5.5216E+04  3.950866168E-020
  0.375  5.689E+05    6.2278  5.7952E+04  3.615804014E-020
  0.375  6.119E+05    6.4294  6.0823E+04  3.307832810E-020
  0.375  6.571E+05    6.6315  6.3837E+04  3.024943443E-020
  0.375  7.045E+05    6.8340  6.6999E+04  2.765250350E-020
  0.375  7.543E+05    7.0368  7.0319E+04  2.526987713E-020
  0.375  8.065E+05    7.2400  7.3803E+04  2.308505101E-020
  0.375  8.613E+05    7.4435  7.7460E+04  2.108262726E-020
  0.375  9.188E+05    7.6474  8.1298E+04  1.924826432E-020
  0.375  9.792E+05    7.8515  8.5326E+04  1.756862505E-020
  0.375  1.043E+06    8.0559  8.9553E+04  1.603132427E-020
  0.375  1.109E+06    8.2606  9.3990E+04  1.462487601E-020
  0.375  1.179E+06    8.4656  9.8647E+04  1.333864150E-020
  0.375  1.252E+06    8.6708  1.0353E+05  1.216277801E-020
  0.375  1.329E+06    8.8762  1.0866E+05  1.108818904E-020
  0.375  1.410E+06    9.0819  1.1405E+05  1.010647626E-020
  0.375  1.494E+06    9.2878  1.1970E+05  9.209893152E-021
  0.375  1.583E+06    9.4938  1.2563E+05  8.391300719E-021
  0.375  1.677E+06    9.7001  1.3185E+05  7.644125264E-021
  0.375  1.775E+06    9.9065  1.3839E+05  6.962318297E-021
  0.375  1.877E+06   10.1132  1.4524E+05  6.340318615E-021
  0.375  1.985E+06   10.3199  1.5244E+05  5.773016526E-021
  0.375  2.098E+06   10.5269  1.5999E+05  5.255720198E-021
  0.375  2.217E+06   10.7340  1.6792E+05  4.784124091E-021
  0.375  2.342E+06   10.9412  1.7624E+05  4.354279389E-021
  0.375  2.473E+06   11.1485  1.8497E+05  3.962566386E-021
  0.375  2.610E+06   11.3560  1.9414E+05  3.605668730E-021
  0.375  2.754E+06   11.5636  2.0375E+05  3.280549443E-021
  0.375  2.906E+06   11.7713  2.1385E+05  2.984428641E-021
  0.375  3.065E+06   11.9792  2.2445E+05  2.714762839E-021
  0.375  3.231E+06   12.1871  2.3557E+05  2.469225792E-021
  0.375  3.406E+06   12.3951  2.4724E+05  2.245690736E-021
  0.375  3.590E+06   12.6033  2.5949E+05  2.042213983E-021
  0.375  3.783E+06   12.8115  2.7234E+05  1.857019765E-021
  0.375  3.985E+06   13.0198  2.8584E+05  1.688486240E-021
  0.375  4.197E+06   13.2282  3.0000E+05  1.535132606E-021

  0.500  5.453E-11    1.9687  2.0000E+04  2.176566813E-019
  0.500  1.485E+04    2.1523  2.0991E+04  2.024509330E-019
  0.500  3.044E+04    2.3373  2.2031E+04  1.880662908E-019
  0.500  4.681E+04    2.5237  2.3123E+04  1.744926049E-019
  0.500  6.398E+04    2.7113  2.4268E+04  1.617139701E-019
  0.500  8.200E+04    2.9000  2.5471E+04  1.497098052E-019
  0.500  1.009E+05    3.0899  2.6733E+04  1.384558150E-019
  0.500  1.208E+05    3.2808  2.8057E+04  1.279248399E-019
  0.500  1.416E+05    3.4727  2.9447E+04  1.180875991E-019
  0.500  1.635E+05    3.6655  3.0906E+04  1.089133347E-019
  0.500  1.864E+05    3.8592  3.2437E+04  1.003703656E-019
  0.500  2.105E+05    4.0537  3.4045E+04  9.242655679E-020
  0.500  2.358E+05    4.2490  3.5731E+04  8.504971532E-020
  0.500  2.623E+05    4.4451  3.7502E+04  7.820791816E-020
  0.500  2.902E+05    4.6418  3.9360E+04  7.186978092E-020
  0.500  3.194E+05    4.8393  4.1310E+04  6.600467405E-020
  0.500  3.501E+05    5.0374  4.3357E+04  6.058289315E-020
  0.500  3.823E+05    5.2360  4.5505E+04  5.557578953E-020
  0.500  4.161E+05    5.4353  4.7759E+04  5.095586652E-020
  0.500  4.516E+05    5.6350  5.0126E+04  4.669684641E-020
  0.500  4.888E+05    5.8353  5.2609E+04  4.277371278E-020
  0.500  5.279E+05    6.0361  5.5216E+04  3.916273183E-020
  0.500  5.689E+05    6.2373  5.7952E+04  3.584145658E-020
  0.500  6.119E+05    6.4390  6.0823E+04  3.278871687E-020
  0.500  6.571E+05    6.6410  6.3837E+04  2.998459778E-020
  0.500  7.045E+05    6.8435  6.6999E+04  2.741040907E-020
  0.500  7.543E+05    7.0463  7.0319E+04  2.504864737E-020
  0.500  8.065E+05    7.2495  7.3803E+04  2.288295309E-020
  0.500  8.613E+05    7.4531  7.7460E+04  2.089806336E-020
  0.500  9.188E+05    7.6569  8.1298E+04  1.907976229E-020
  0.500  9.792E+05    7.8610  8.5326E+04  1.741482969E-020
  0.500  1.043E+06    8.0655  8.9553E+04  1.589098887E-020
  0.500  1.109E+06    8.2702  9.3990E+04  1.449685456E-020
  0.500  1.179E+06    8.4751  9.8647E+04  1.322188120E-020
  0.500  1.252E+06    8.6803  1.0353E+05  1.205631228E-020
  0.500  1.329E+06    8.8858  1.0866E+05  1.099113102E-020
  0.500  1.410E+06    9.0914  1.1405E+05  1.001801266E-020
  0.500  1.494E+06    9.2973  1.1970E+05  9.129278533E-021
  0.500  1.583E+06    9.5034  1.2563E+05  8.317852184E-021
  0.500  1.677E+06    9.7096  1.3185E+05  7.577217495E-021
  0.500  1.775E+06    9.9161  1.3839E+05  6.901378953E-021
  0.500  1.877E+06   10.1227  1.4524E+05  6.284824060E-021
  0.500  1.985E+06   10.3295  1.5244E+05  5.722487874E-021
  0.500  2.098E+06   10.5364  1.5999E+05  5.209719654E-021
  0.500  2.217E+06   10.7435  1.6792E+05  4.742251560E-021
  0.500  2.342E+06   10.9507  1.7624E+05  4.316169359E-021
  0.500  2.473E+06   11.1581  1.8497E+05  3.927885039E-021
  0.500  2.610E+06   11.3656  1.9414E+05  3.574111286E-021
  0.500  2.754E+06   11.5732  2.0375E+05  3.251837715E-021
  0.500  2.906E+06   11.7809  2.1385E+05  2.958308780E-021
  0.500  3.065E+06   11.9887  2.2445E+05  2.691003268E-021
  0.500  3.231E+06   12.1967  2.3557E+05  2.447615297E-021
  0.500  3.406E+06   12.4047  2.4724E+05  2.226036725E-021
  0.500  3.590E+06   12.6128  2.5949E+05  2.024340880E-021
  0.500  3.783E+06   12.8210  2.7234E+05  1.840767540E-021
  0.500  3.985E+06   13.0293  2.8584E+05  1.673709061E-021
  0.500  4.197E+06   13.2377  3.0000E+05  1.521697605E-021

  0.625  5.453E-11    1.9591  2.0000E+04  2.195814905E-019
  0.625  1.485E+04    2.1427  2.0991E+04  2.042411095E-019
  0.625  3.044E+04    2.3278  2.2031E+04  1.897291277E-019
  0.625  4.681E+04    2.5141  2.3123E+04  1.760353012E-019
  0.625  6.398E+04    2.7017  2.4268E+04  1.631435803E-019
  0.625  8.200E+04    2.8905  2.5471E+04  1.510331984E-019
  0.625  1.009E+05    3.0803  2.6733E+04  1.396796424E-019
  0.625  1.208E+05    3.2712  2.8057E+04  1.290555097E-019
  0.625  1.416E+05    3.4631  2.9447E+04  1.191312582E-019
  0.625  1.635E+05    3.6559  3.0906E+04  1.098758560E-019
  0.625  1.864E+05    3.8496  3.2437E+04  1.012573400E-019
  0.625  2.105E+05    4.0441  3.4045E+04  9.324328947E-020
  0.625  2.358E+05    4.2395  3.5731E+04  8.580122539E-020
  0.625  2.623E+05    4.4355  3.7502E+04  7.889894130E-020
  0.625  2.902E+05    4.6323  3.9360E+04  7.250477427E-020
  0.625  3.194E+05    4.8297  4.1310E+04  6.658782306E-020
  0.625  3.501E+05    5.0278  4.3357E+04  6.111811990E-020
  0.625  3.823E+05    5.2265  4.5505E+04  5.606676218E-020
  0.625  4.161E+05    5.4257  4.7759E+04  5.140600956E-020
  0.625  4.516E+05    5.6255  5.0126E+04  4.710935159E-020
  0.625  4.888E+05    5.8258  5.2609E+04  4.315155028E-020
  0.625  5.279E+05    6.0265  5.5216E+04  3.950866168E-020
  0.625  5.689E+05    6.2278  5.7952E+04  3.615804014E-020
  0.625  6.119E+05    6.4294  6.0823E+04  3.307832810E-020
  0.625  6.571E+05    6.6315  6.3837E+04  3.024943443E-020
  0.625  7.045E+05    6.8340  6.6999E+04  2.765250350E-020
  0.625  7.543E+05    7.0368  7.0319E+04  2.526987713E-020
  0.625  8.065E+05    7.2400  7.3803E+04  2.308505101E-020
  0.625  8.613E+05    7.4435  7.7460E+04  2.108262726E-020
  0.625  9.188E+05    7.6474  8.1298E+04  1.924826432E-020
  0.625  9.792E+05    7.8515  8.5326E+04  1.756862505E-020
  0.625  1.043E+06    8.0559  8.9553E+04  1.603132427E-020
  0.625  1.109E+06    8.2606  9.3990E+04  1.462487601E-020
  0.625  1.179E+06    8.4656  9.8647E+04  1.333864150E-020
  0.625  1.252E+06    8.6708  1.0353E+05  1.216277801E-020
  0.625  1.329E+06    8.8762  1.0866E+05  1.108818904E-020
  0.625  1.410E+06    9.0819  1.1405E+05  1.010647626E-020
  0.625  1.494E+06    9.2878  1.1970E+05  9.209893152E-021
  0.625  1.583E+06    9.4938  1.2563E+05  8.391300719E-021
  0.625  1.677E+06    9.7001  1.3185E+05  7.644125264E-021
  0.625  1.775E+06    9.9065  1.3839E+05  6.962318297E-021
  0.625  1.877E+06   10.1132  1.4524E+05  6.340318615E-021
  0.625  1.985E+06   10.3199  1.5244E+05  5.773016526E-021
  0.625  2.098E+06   10.5269  1.5999E+05  5.255720198E-021
  0.625  2.217E+06   10.7340  1.6792E+05  4.784124091E-021
  0.625  2.342E+06   10.9412  1.7624E+05  4.354279389E-021
  0.625  2.473E+06   11.1485  1.8497E+05  3.962566386E-021
  0.625  2.610E+06   11.3560  1.9414E+05  3.605668730E-021
  0.625  2.754E+06   11.5636  2.0375E+05  3.280549443E-021
  0.625  2.906E+06   11.7713  2.1385E+05  2.984428641E-021
  0.625  3.065E+06   11.9792  2.2445E+05  2.714762839E-021
  0.625  3.231E+06   12.1871  2.3557E+05  2.469225792E-021
  0.625  3.406E+06   12.3951  2.4724E+05  2.245690736E-021
  0.625  3.590E+06   12.6033  2.5949E+05  2.042213983E-021
  0.625  3.783E+06   12.8115  2.7234E+05  1.857019765E-021
  0.625  3.985E+06   13.0198  2.8584E+05  1.688486240E-021
  0.625  4.197E+06   13.2282  3.0000E+05  1.535132606E-021

  0.750  5.453E-11    1.9688  2.0000E+04  2.176243601E-019
  0.750  1.485E+04    2.1525  2.0991E+04  2.024203172E-019
  0.750  3.044E+04    2.3375  2.2031E+04  1.880373660E-019
  0.750  4.681E+04    2.5238  2.3123E+04  1.744653437E-019
  0.750  6.398E+04    2.7114  2.4268E+04  1.616883345E-019
  0.750  8.200E+04    2.9002  2.5471E+04  1.496857483E-019
  0.750  1.009E+05    3.0900  2.6733E+04  1.384332834E-019
  0.750  1.208E+05    3.2809  2.8057E+04  1.279037749E-019
  0.750  1.416E+05    3.4728  2.9447E+04  1.180679383E-019
  0.750  1.635E+05    3.6657  3.0906E+04  1.088950134E-019
  0.750  1.864E+05    3.8594  3.2437E+04  1.003533176E-019
  0.750  2.105E+05    4.0539  3.4045E+04  9.241071535E-020
  0.750  2.358E+05    4.2492  3.5731E+04  8.503501403E-020
  0.750  2.623E+05    4.4453  3.7502E+04  7.819429142E-020
  0.750  2.902E+05    4.6420  3.9360E+04  7.185716450E-020
  0.750  3.194E+05    4.8395  4.1310E+04  6.599300546E-020
  0.750  3.501E+05    5.0375  4.3357E+04  6.057211197E-020
  0.750  3.823E+05    5.2362  4.5505E+04  5.556583764E-020
  0.750  4.161E+05    5.4355  4.7759E+04  5.094668825E-020
  0.750  4.516E+05    5.6352  5.0126E+04  4.668838869E-020
  0.750  4.888E+05    5.8355  5.2609E+04  4.276592515E-020
  0.750  5.279E+05    6.0363  5.5216E+04  3.915556651E-020
  0.750  5.689E+05    6.2375  5.7952E+04  3.583486845E-020
  0.750  6.119E+05    6.4392  6.0823E+04  3.278266341E-020
  0.750  6.571E+05    6.6412  6.3837E+04  2.997903907E-020
  0.750  7.045E+05    6.8437  6.6999E+04  2.740530766E-020
  0.750  7.543E+05    7.0466  7.0319E+04  2.504396825E-020
  0.750  8.065E+05    7.2497  7.3803E+04  2.287866355E-020
  0.750  8.613E+05    7.4533  7.7460E+04  2.089413292E-020
  0.750  9.188E+05    7.6571  8.1298E+04  1.907616258E-020
  0.750  9.792E+05    7.8613  8.5326E+04  1.741153434E-020
  0.750  1.043E+06    8.0657  8.9553E+04  1.588797342E-020
  0.750  1.109E+06    8.2704  9.3990E+04  1.449409634E-020
  0.750  1.179E+06    8.4753  9.8647E+04  1.321935921E-020
  0.750  1.252E+06    8.6805  1.0353E+05  1.205400711E-020
  0.750  1.329E+06    8.8860  1.0866E+05  1.098902475E-020
  0.750  1.410E+06    9.0916  1.1405E+05  1.001608875E-020
  0.750  1.494E+06    9.2975  1.1970E+05  9.127521722E-021
  0.750  1.583E+06    9.5036  1.2563E+05  8.316248426E-021
  0.750  1.677E+06    9.7099  1.3185E+05  7.575753857E-021
  0.750  1.775E+06    9.9163  1.3839E+05  6.900043540E-021
  0.750  1.877E+06   10.1229  1.4524E+05  6.283605939E-021
  0.750  1.985E+06   10.3297  1.5244E+05  5.721377004E-021
  0.750  2.098E+06   10.5366  1.5999E+05  5.208706816E-021
  0.750  2.217E+06   10.7437  1.6792E+05  4.741328300E-021
  0.750  2.342E+06   10.9509  1.7624E+05  4.315327922E-021
  0.750  2.473E+06   11.1583  1.8497E+05  3.927118319E-021
  0.750  2.610E+06   11.3658  1.9414E+05  3.573412776E-021
  0.750  2.754E+06   11.5734  2.0375E+05  3.251201456E-021
  0.750  2.906E+06   11.7811  2.1385E+05  2.957729319E-021
  0.750  3.065E+06   11.9889  2.2445E+05  2.690475616E-021
  0.750  3.231E+06   12.1969  2.3557E+05  2.447134893E-021
  0.750  3.406E+06   12.4049  2.4724E+05  2.225599400E-021
  0.750  3.590E+06   12.6130  2.5949E+05  2.023942825E-021
  0.750  3.783E+06   12.8213  2.7234E+05  1.840405273E-021
  0.750  3.985E+06   13.0296  2.8584E+05  1.673379405E-021
  0.750  4.197E+06   13.2379  3.0000E+05  1.521397658E-021

  0.875  5.453E-11    1.9593  2.0000E+04  2.195353756E-019
  0.875  1.485E+04    2.1430  2.0991E+04  2.041974277E-019
  0.875  3.044E+04    2.3280  2.2031E+04  1.896878587E-019
  0.875  4.681E+04    2.5144  2.3123E+04  1.759964059E-019
  0.875  6.398E+04    2.7019  2.4268E+04  1.631070043E-019
  0.875  8.200E+04    2.8907  2.5471E+04  1.509988750E-019
  0.875  1.009E+05    3.0806  2.6733E+04  1.396474952E-019
  0.875  1.208E+05    3.2715  2.8057E+04  1.290254551E-019
  0.875  1.416E+05    3.4634  2.9447E+04  1.191032071E-019
  0.875  1.635E+05    3.6562  3.0906E+04  1.098497161E-019
  0.875  1.864E+05    3.8499  3.2437E+04  1.012330168E-019
  0.875  2.105E+05    4.0444  3.4045E+04  9.322068779E-020
  0.875  2.358E+05    4.2397  3.5731E+04  8.578025044E-020
  0.875  2.623E+05    4.4358  3.7502E+04  7.887949947E-020
  0.875  2.902E+05    4.6326  3.9360E+04  7.248677393E-020
  0.875  3.194E+05    4.8300  4.1310E+04  6.657117505E-020
  0.875  3.501E+05    5.0281  4.3357E+04  6.110273801E-020
  0.875  3.823E+05    5.2267  4.5505E+04  5.605256347E-020
  0.875  4.161E+05    5.4260  4.7759E+04  5.139291463E-020
  0.875  4.516E+05    5.6258  5.0126E+04  4.709728469E-020
  0.875  4.888E+05    5.8260  5.2609E+04  4.314043942E-020
  0.875  5.279E+05    6.0268  5.5216E+04  3.949843871E-020
  0.875  5.689E+05    6.2280  5.7952E+04  3.614864065E-020
  0.875  6.119E+05    6.4297  6.0823E+04  3.306969146E-020
  0.875  6.571E+05    6.6318  6.3837E+04  3.024150366E-020
  0.875  7.045E+05    6.8343  6.6999E+04  2.764522520E-020
  0.875  7.543E+05    7.0371  7.0319E+04  2.526320131E-020
  0.875  8.065E+05    7.2403  7.3803E+04  2.307893102E-020
  0.875  8.613E+05    7.4438  7.7460E+04  2.107701961E-020
  0.875  9.188E+05    7.6476  8.1298E+04  1.924312853E-020
  0.875  9.792E+05    7.8518  8.5326E+04  1.756392351E-020
  0.875  1.043E+06    8.0562  8.9553E+04  1.602702206E-020
  0.875  1.109E+06    8.2609  9.3990E+04  1.462094079E-020
  0.875  1.179E+06    8.4659  9.8647E+04  1.333504332E-020
  0.875  1.252E+06    8.6711  1.0353E+05  1.215948918E-020
  0.875  1.329E+06    8.8765  1.0866E+05  1.108518399E-020
  0.875  1.410E+06    9.0822  1.1405E+05  1.010373138E-020
  0.875  1.494E+06    9.2881  1.1970E+05  9.207386677E-021
  0.875  1.583E+06    9.4941  1.2563E+05  8.389012608E-021
  0.875  1.677E+06    9.7004  1.3185E+05  7.642037064E-021
  0.875  1.775E+06    9.9068  1.3839E+05  6.960413039E-021
  0.875  1.877E+06   10.1135  1.4524E+05  6.338580701E-021
  0.875  1.985E+06   10.3202  1.5244E+05  5.771431628E-021
  0.875  2.098E+06   10.5272  1.5999E+05  5.254275166E-021
  0.875  2.217E+06   10.7342  1.6792E+05  4.782806860E-021
  0.875  2.342E+06   10.9415  1.7624E+05  4.353078896E-021
  0.875  2.473E+06   11.1488  1.8497E+05  3.961472495E-021
  0.875  2.610E+06   11.3563  1.9414E+05  3.604672155E-021
  0.875  2.754E+06   11.5639  2.0375E+05  3.279641683E-021
  0.875  2.906E+06   11.7716  2.1385E+05  2.983601914E-021
  0.875  3.065E+06   11.9795  2.2445E+05  2.714010031E-021
  0.875  3.231E+06   12.1874  2.3557E+05  2.468540393E-021
  0.875  3.406E+06   12.3954  2.4724E+05  2.245066798E-021
  0.875  3.590E+06   12.6036  2.5949E+05  2.041646071E-021
  0.875  3.783E+06   12.8118  2.7234E+05  1.856502913E-021
  0.875  3.985E+06   13.0201  2.8584E+05  1.688015915E-021
  0.875  4.197E+06   13.2285  3.0000E+05  1.534704668E-021

  1.000  5.453E-11    1.9690  2.0000E+04  2.175920393E-019
  1.000  1.485E+04    2.1526  2.0991E+04  2.023897018E-019
  1.000  3.044E+04    2.3377  2.2031E+04  1.880084417E-019
  1.000  4.681E+04    2.5240  2.3123E+04  1.744380832E-019
  1.000  6.398E+04    2.7116  2.4268E+04  1.616626996E-019
  1.000  8.200E+04    2.9004  2.5471E+04  1.496616923E-019
  1.000  1.009E+05    3.0902  2.6733E+04  1.384107526E-019
  1.000  1.208E+05    3.2811  2.8057E+04  1.278827107E-019
  1.000  1.416E+05    3.4730  2.9447E+04  1.180482784E-019
  1.000  1.635E+05    3.6658  3.0906E+04  1.088766930E-019
  1.000  1.864E+05    3.8595  3.2437E+04  1.003362704E-019
  1.000  2.105E+05    4.0541  3.4045E+04  9.239487476E-020
  1.000  2.358E+05    4.2494  3.5731E+04  8.502031355E-020
  1.000  2.623E+05    4.4455  3.7502E+04  7.818066547E-020
  1.000  2.902E+05    4.6422  3.9360E+04  7.184454884E-020
  1.000  3.194E+05    4.8397  4.1310E+04  6.598133759E-020
  1.000  3.501E+05    5.0377  4.3357E+04  6.056133148E-020
  1.000  3.823E+05    5.2364  4.5505E+04  5.555588641E-020
  1.000  4.161E+05    5.4357  4.7759E+04  5.093751062E-020
  1.000  4.516E+05    5.6354  5.0126E+04  4.667993156E-020
  1.000  4.888E+05    5.8357  5.2609E+04  4.275813808E-020
  1.000  5.279E+05    6.0365  5.5216E+04  3.914840171E-020
  1.000  5.689E+05    6.2377  5.7952E+04  3.582828080E-020
  1.000  6.119E+05    6.4394  6.0823E+04  3.277661041E-020
  1.000  6.571E+05    6.6415  6.3837E+04  2.997348078E-020
  1.000  7.045E+05    6.8439  6.6999E+04  2.740020666E-020
  1.000  7.543E+05    7.0468  7.0319E+04  2.503928950E-020
  1.000  8.065E+05    7.2499  7.3803E+04  2.287437436E-020
  1.000  8.613E+05    7.4535  7.7460E+04  2.089020280E-020
  1.000  9.188E+05    7.6573  8.1298E+04  1.907256317E-020
  1.000  9.792E+05    7.8615  8.5326E+04  1.740823927E-020
  1.000  1.043E+06    8.0659  8.9553E+04  1.588495823E-020
  1.000  1.109E+06    8.2706  9.3990E+04  1.449133835E-020
  1.000  1.179E+06    8.4755  9.8647E+04  1.321683743E-020
  1.000  1.252E+06    8.6808  1.0353E+05  1.205170215E-020
  1.000  1.329E+06    8.8862  1.0866E+05  1.098691867E-020
  1.000  1.410E+06    9.0919  1.1405E+05  1.001416500E-020
  1.000  1.494E+06    9.2977  1.1970E+05  9.125765067E-021
  1.000  1.583E+06    9.5038  1.2563E+05  8.314644811E-021
  1.000  1.677E+06    9.7101  1.3185E+05  7.574290349E-021
  1.000  1.775E+06    9.9165  1.3839E+05  6.898708246E-021
  1.000  1.877E+06   10.1231  1.4524E+05  6.282387928E-021
  1.000  1.985E+06   10.3299  1.5244E+05  5.720266234E-021
  1.000  2.098E+06   10.5368  1.5999E+05  5.207694071E-021
  1.000  2.217E+06   10.7439  1.6792E+05  4.740405124E-021
  1.000  2.342E+06   10.9511  1.7624E+05  4.314486562E-021
  1.000  2.473E+06   11.1585  1.8497E+05  3.926351671E-021
  1.000  2.610E+06   11.3660  1.9414E+05  3.572714331E-021
  1.000  2.754E+06   11.5736  2.0375E+05  3.250565257E-021
  1.000  2.906E+06   11.7813  2.1385E+05  2.957149912E-021
  1.000  3.065E+06   11.9891  2.2445E+05  2.689948014E-021
  1.000  3.231E+06   12.1971  2.3557E+05  2.446654535E-021
  1.000  3.406E+06   12.4051  2.4724E+05  2.225162117E-021
  1.000  3.590E+06   12.6132  2.5949E+05  2.023544806E-021
  1.000  3.783E+06   12.8215  2.7234E+05  1.840043040E-021
  1.000  3.985E+06   13.0298  2.8584E+05  1.673049780E-021
  1.000  4.197E+06   13.2382  3.0000E+05  1.521097740E-021

