   20000.000        0.0  2.17592E-019  1.63081E-001  1.00000E+000  1.00000E+000
   20990.927    14853.6  2.02390E-019  1.37704E-001  9.33414E-001  9.33414E-001
   22030.952    30443.2  1.88008E-019  1.16127E-001  8.70310E-001  8.70310E-001
   23122.505    46805.2  1.74438E-019  9.78120E-002  8.10652E-001  8.10652E-001
   24268.141    63977.8  1.61663E-019  8.22920E-002  7.54381E-001  7.54381E-001
   25470.539    82001.3  1.49662E-019  6.91600E-002  7.01417E-001  7.01417E-001
   26732.512   100917.8  1.38411E-019  5.80645E-002  6.51662E-001  6.51662E-001
   28057.011   120771.6  1.27883E-019  4.87023E-002  6.05005E-001  6.05005E-001
   29447.134   141609.0  1.18048E-019  4.08126E-002  5.61328E-001  5.61328E-001
   30906.133   163478.8  1.08877E-019  3.41717E-002  5.20503E-001  5.20503E-001
   32437.419   186432.2  1.00336E-019  2.85882E-002  4.82399E-001  4.82399E-001
   34044.575   210522.9  9.23949E-020  2.38986E-002  4.46883E-001  4.46883E-001
   35731.360   235807.2  8.50203E-020  1.99639E-002  4.13820E-001  4.13820E-001
   37501.719   262344.2  7.81807E-020  1.66655E-002  3.83077E-001  3.83077E-001
   39359.793   290196.0  7.18445E-020  1.39030E-002  3.54521E-001  3.54521E-001
   41309.928   319427.8  6.59813E-020  1.15913E-002  3.28025E-001  3.28025E-001
   43356.685   350107.9  6.05613E-020  9.65837E-003  3.03462E-001  3.03462E-001
   45504.851   382308.1  5.55559E-020  8.04332E-003  2.80712E-001  2.80712E-001
   47759.451   416103.7  5.09375E-020  6.69483E-003  2.59659E-001  2.59659E-001
   50125.759   451573.8  4.66799E-020  5.56966E-003  2.40192E-001  2.40192E-001
   52609.308   488801.2  4.27581E-020  4.63142E-003  2.22203E-001  2.22203E-001
   55215.908   527873.2  3.91484E-020  3.84952E-003  2.05593E-001  2.05593E-001
   57951.656   568881.0  3.58283E-020  3.19827E-003  1.90267E-001  1.90267E-001
   60822.950   611920.6  3.27766E-020  2.65613E-003  1.76133E-001  1.76133E-001
   63836.506   657092.7  2.99735E-020  2.20506E-003  1.63108E-001  1.63108E-001
   66999.373   704502.9  2.74002E-020  1.82992E-003  1.51112E-001  1.51112E-001
   70318.948   754262.1  2.50393E-020  1.51809E-003  1.40071E-001  1.40071E-001
   73802.997   806486.6  2.28744E-020  1.25899E-003  1.29914E-001  1.29914E-001
   77459.667   861298.7  2.08902E-020  1.04379E-003  1.20577E-001  1.20577E-001
   81297.512   918826.6  1.90726E-020  8.65118E-004  1.12001E-001  1.12001E-001
   85325.508   979204.7  1.74082E-020  7.16833E-004  1.04128E-001  1.04128E-001
   89553.077  1042574.4  1.58850E-020  5.93808E-004  9.69073E-002  9.69073E-002
   93990.107  1109083.8  1.44913E-020  4.91773E-004  9.02914E-002  9.02914E-002
   98646.975  1178888.5  1.32168E-020  4.07175E-004  8.42365E-002  8.42365E-002
  103534.574  1252151.8  1.20517E-020  3.37053E-004  7.87025E-002  7.87025E-002
  108664.337  1329045.0  1.09869E-020  2.78948E-004  7.36530E-002  7.36530E-002
  114048.260  1409747.9  1.00142E-020  2.30812E-004  6.90553E-002  6.90553E-002
  119698.937  1494449.5  9.12577E-021  1.90945E-004  6.48799E-002  6.48799E-002
  125629.584  1583347.6  8.31464E-021  1.57936E-004  6.11013E-002  6.11013E-002
  131854.073  1676650.4  7.57429E-021  1.30610E-004  5.76973E-002  5.76973E-002
  138386.964  1774575.9  6.89871E-021  1.07994E-004  5.46497E-002  5.46497E-002
  145243.535  1877353.4  6.28239E-021  8.92795E-005  5.19447E-002  5.19447E-002
  152439.824  1985223.0  5.72027E-021  7.37972E-005  4.95731E-002  4.95731E-002
  159992.664  2098437.2  5.20769E-021  6.09910E-005  4.75318E-002  4.75318E-002
  167919.719  2217260.8  4.74041E-021  5.04003E-005  4.58253E-002  4.58253E-002
  176239.531  2341971.7  4.31449E-021  4.16431E-005  4.44679E-002  4.44679E-002
  184971.560  2472861.5  3.92635E-021  3.44033E-005  4.34877E-002  4.34877E-002
  194136.228  2610236.4  3.57271E-021  2.84188E-005  4.29339E-002  4.29339E-002
  203754.973  2754417.8  3.25057E-021  2.34727E-005  4.28882E-002  4.28882E-002
  213850.292  2905742.8  2.95715E-021  1.93854E-005  4.34867E-002  4.34867E-002
  224445.797  3064565.4  2.68995E-021  1.60082E-005  4.49637E-002  4.49637E-002
  235566.271  3231257.1  2.44665E-021  1.32180E-005  4.77457E-002  4.77457E-002
  247237.724  3406207.8  2.22516E-021  1.09132E-005  5.26830E-002  5.26830E-002
  259487.455  3589826.6  2.02354E-021  9.00950E-006  6.17237E-002  6.17237E-002
  272344.115  3782543.1  1.84004E-021  7.43726E-006  8.04825E-002  8.04825E-002
  285837.777  3984808.0  1.67305E-021  6.13890E-006  1.34383E-001  1.34383E-001
  300000.000  4197094.4  1.52110E-021  5.06682E-006  1.00000E+000  1.00000E+000

   20000.000        0.0  2.19535E-019  1.64538E-001  1.00000E+000  8.00000E-001
   20990.927    14853.6  2.04197E-019  1.38934E-001  9.33415E-001  7.33415E-001
   22030.952    30443.2  1.89688E-019  1.17164E-001  8.70311E-001  6.70311E-001
   23122.505    46805.2  1.75996E-019  9.86858E-002  8.10654E-001  6.10654E-001
   24268.141    63977.8  1.63107E-019  8.30272E-002  7.54384E-001  5.54384E-001
   25470.539    82001.3  1.50999E-019  6.97779E-002  7.01419E-001  5.01419E-001
   26732.512   100917.8  1.39647E-019  5.85834E-002  6.51664E-001  4.51664E-001
   28057.011   120771.6  1.29025E-019  4.91375E-002  6.05008E-001  4.05008E-001
   29447.134   141609.0  1.19103E-019  4.11773E-002  5.61331E-001  3.61331E-001
   30906.133   163478.8  1.09850E-019  3.44771E-002  5.20506E-001  3.20506E-001
   32437.419   186432.2  1.01233E-019  2.88437E-002  4.82402E-001  2.82402E-001
   34044.575   210522.9  9.32207E-020  2.41122E-002  4.46886E-001  2.46886E-001
   35731.360   235807.2  8.57803E-020  2.01423E-002  4.13823E-001  2.13823E-001
   37501.719   262344.2  7.88795E-020  1.68144E-002  3.83079E-001  1.83079E-001
   39359.793   290196.0  7.24868E-020  1.40273E-002  3.54524E-001  1.54524E-001
   41309.928   319427.8  6.65712E-020  1.16949E-002  3.28027E-001  1.28027E-001
   43356.685   350107.9  6.11027E-020  9.74472E-003  3.03465E-001  1.03465E-001
   45504.851   382308.1  5.60526E-020  8.11523E-003  2.80715E-001  8.07148E-002
   47759.451   416103.7  5.13929E-020  6.75469E-003  2.59662E-001  5.96617E-002
   50125.759   451573.8  4.70973E-020  5.61946E-003  2.40194E-001  4.01939E-002
   52609.308   488801.2  4.31404E-020  4.67283E-003  2.22205E-001  2.22055E-002
   55215.908   527873.2  3.94984E-020  3.88394E-003  2.05596E-001  5.59555E-003
   57951.656   568881.0  3.61486E-020  3.22687E-003  1.90269E-001 -9.73119E-003
   60822.950   611920.6  3.30697E-020  2.67988E-003  1.76135E-001 -2.38648E-002
   63836.506   657092.7  3.02415E-020  2.22477E-003  1.63110E-001 -3.68899E-002
   66999.373   704502.9  2.76452E-020  1.84629E-003  1.51114E-001 -4.88860E-002
   70318.948   754262.1  2.52632E-020  1.53167E-003  1.40072E-001 -5.99277E-002
   73802.997   806486.6  2.30789E-020  1.27025E-003  1.29915E-001 -7.00845E-002
   77459.667   861298.7  2.10770E-020  1.05312E-003  1.20579E-001 -7.94212E-002
   81297.512   918826.6  1.92431E-020  8.72855E-004  1.12002E-001 -8.79981E-002
   85325.508   979204.7  1.75639E-020  7.23243E-004  1.04129E-001 -9.58710E-002
   89553.077  1042574.4  1.60270E-020  5.99118E-004  9.69084E-002 -1.03092E-001
   93990.107  1109083.8  1.46209E-020  4.96171E-004  9.02925E-002 -1.09707E-001
   98646.975  1178888.5  1.33350E-020  4.10816E-004  8.42375E-002 -1.15762E-001
  103534.574  1252151.8  1.21595E-020  3.40068E-004  7.87034E-002 -1.21297E-001
  108664.337  1329045.0  1.10852E-020  2.81442E-004  7.36539E-002 -1.26346E-001
  114048.260  1409747.9  1.01037E-020  2.32876E-004  6.90561E-002 -1.30944E-001
  119698.937  1494449.5  9.20739E-021  1.92653E-004  6.48808E-002 -1.35119E-001
  125629.584  1583347.6  8.38901E-021  1.59348E-004  6.11021E-002 -1.38898E-001
  131854.073  1676650.4  7.64204E-021  1.31778E-004  5.76981E-002 -1.42302E-001
  138386.964  1774575.9  6.96041E-021  1.08960E-004  5.46505E-002 -1.45350E-001
  145243.535  1877353.4  6.33858E-021  9.00781E-005  5.19453E-002 -1.48055E-001
  152439.824  1985223.0  5.77143E-021  7.44573E-005  4.95737E-002 -1.50426E-001
  159992.664  2098437.2  5.25428E-021  6.15366E-005  4.75325E-002 -1.52468E-001
  167919.719  2217260.8  4.78281E-021  5.08511E-005  4.58260E-002 -1.54174E-001
  176239.531  2341971.7  4.35308E-021  4.20156E-005  4.44685E-002 -1.55532E-001
  184971.560  2472861.5  3.96147E-021  3.47110E-005  4.34883E-002 -1.56512E-001
  194136.228  2610236.4  3.60467E-021  2.86730E-005  4.29345E-002 -1.57065E-001
  203754.973  2754417.8  3.27964E-021  2.36827E-005  4.28888E-002 -1.57111E-001
  213850.292  2905742.8  2.98360E-021  1.95588E-005  4.34873E-002 -1.56513E-001
  224445.797  3064565.4  2.71401E-021  1.61514E-005  4.49643E-002 -1.55036E-001
  235566.271  3231257.1  2.46854E-021  1.33363E-005  4.77464E-002 -1.52254E-001
  247237.724  3406207.8  2.24507E-021  1.10108E-005  5.26837E-002 -1.47316E-001
  259487.455  3589826.6  2.04165E-021  9.09010E-006  6.17246E-002 -1.38275E-001
  272344.115  3782543.1  1.85650E-021  7.50378E-006  8.04836E-002 -1.19516E-001
  285837.777  3984808.0  1.68802E-021  6.19381E-006  1.34385E-001 -6.56150E-002
  300000.000  4197094.4  1.53470E-021  5.11214E-006  1.00000E+000  8.00000E-001

   20000.000        0.0  2.17624E-019  1.63105E-001  1.00000E+000  6.00000E-001
   20990.927    14853.6  2.02420E-019  1.37725E-001  9.33417E-001  5.33417E-001
   22030.952    30443.2  1.88037E-019  1.16144E-001  8.70314E-001  4.70314E-001
   23122.505    46805.2  1.74465E-019  9.78273E-002  8.10658E-001  4.10658E-001
   24268.141    63977.8  1.61688E-019  8.23050E-002  7.54389E-001  3.54389E-001
   25470.539    82001.3  1.49686E-019  6.91711E-002  7.01425E-001  3.01425E-001
   26732.512   100917.8  1.38433E-019  5.80740E-002  6.51671E-001  2.51671E-001
   28057.011   120771.6  1.27904E-019  4.87104E-002  6.05015E-001  2.05015E-001
   29447.134   141609.0  1.18068E-019  4.08194E-002  5.61338E-001  1.61338E-001
   30906.133   163478.8  1.08895E-019  3.41774E-002  5.20513E-001  1.20513E-001
   32437.419   186432.2  1.00353E-019  2.85930E-002  4.82409E-001  8.24094E-002
   34044.575   210522.9  9.24107E-020  2.39027E-002  4.46893E-001  4.68932E-002
   35731.360   235807.2  8.50350E-020  1.99673E-002  4.13830E-001  1.38300E-002
   37501.719   262344.2  7.81943E-020  1.66684E-002  3.83086E-001 -1.69136E-002
   39359.793   290196.0  7.18572E-020  1.39055E-002  3.54531E-001 -4.54694E-002
   41309.928   319427.8  6.59930E-020  1.15934E-002  3.28034E-001 -7.19662E-002
   43356.685   350107.9  6.05721E-020  9.66009E-003  3.03471E-001 -9.65291E-002
   45504.851   382308.1  5.55658E-020  8.04476E-003  2.80721E-001 -1.19279E-001
   47759.451   416103.7  5.09467E-020  6.69604E-003  2.59667E-001 -1.40333E-001
   50125.759   451573.8  4.66884E-020  5.57067E-003  2.40199E-001 -1.59801E-001
   52609.308   488801.2  4.27659E-020  4.63227E-003  2.22211E-001 -1.77789E-001
   55215.908   527873.2  3.91556E-020  3.85022E-003  2.05601E-001 -1.94399E-001
   57951.656   568881.0  3.58349E-020  3.19886E-003  1.90274E-001 -2.09726E-001
   60822.950   611920.6  3.27827E-020  2.65662E-003  1.76140E-001 -2.23860E-001
   63836.506   657092.7  2.99790E-020  2.20547E-003  1.63114E-001 -2.36886E-001
   66999.373   704502.9  2.74053E-020  1.83026E-003  1.51118E-001 -2.48882E-001
   70318.948   754262.1  2.50440E-020  1.51838E-003  1.40076E-001 -2.59924E-001
   73802.997   806486.6  2.28787E-020  1.25923E-003  1.29919E-001 -2.70081E-001
   77459.667   861298.7  2.08941E-020  1.04398E-003  1.20582E-001 -2.79418E-001
   81297.512   918826.6  1.90762E-020  8.65281E-004  1.12005E-001 -2.87995E-001
   85325.508   979204.7  1.74115E-020  7.16968E-004  1.04132E-001 -2.95868E-001
   89553.077  1042574.4  1.58880E-020  5.93920E-004  9.69112E-002 -3.03089E-001
   93990.107  1109083.8  1.44941E-020  4.91867E-004  9.02952E-002 -3.09705E-001
   98646.975  1178888.5  1.32194E-020  4.07252E-004  8.42400E-002 -3.15760E-001
  103534.574  1252151.8  1.20540E-020  3.37118E-004  7.87058E-002 -3.21294E-001
  108664.337  1329045.0  1.09890E-020  2.79001E-004  7.36562E-002 -3.26344E-001
  114048.260  1409747.9  1.00161E-020  2.30856E-004  6.90583E-002 -3.30942E-001
  119698.937  1494449.5  9.12752E-021  1.90982E-004  6.48828E-002 -3.35117E-001
  125629.584  1583347.6  8.31625E-021  1.57966E-004  6.11040E-002 -3.38896E-001
  131854.073  1676650.4  7.57575E-021  1.30635E-004  5.76999E-002 -3.42300E-001
  138386.964  1774575.9  6.90004E-021  1.08015E-004  5.46522E-002 -3.45348E-001
  145243.535  1877353.4  6.28361E-021  8.92968E-005  5.19470E-002 -3.48053E-001
  152439.824  1985223.0  5.72138E-021  7.38116E-005  4.95753E-002 -3.50425E-001
  159992.664  2098437.2  5.20871E-021  6.10029E-005  4.75340E-002 -3.52466E-001
  167919.719  2217260.8  4.74133E-021  5.04101E-005  4.58274E-002 -3.54173E-001
  176239.531  2341971.7  4.31533E-021  4.16512E-005  4.44699E-002 -3.55530E-001
  184971.560  2472861.5  3.92712E-021  3.44100E-005  4.34897E-002 -3.56510E-001
  194136.228  2610236.4  3.57341E-021  2.84244E-005  4.29359E-002 -3.57064E-001
  203754.973  2754417.8  3.25120E-021  2.34773E-005  4.28902E-002 -3.57110E-001
  213850.292  2905742.8  2.95773E-021  1.93892E-005  4.34887E-002 -3.56511E-001
  224445.797  3064565.4  2.69048E-021  1.60113E-005  4.49658E-002 -3.55034E-001
  235566.271  3231257.1  2.44713E-021  1.32206E-005  4.77479E-002 -3.52252E-001
  247237.724  3406207.8  2.22560E-021  1.09154E-005  5.26855E-002 -3.47315E-001
  259487.455  3589826.6  2.02394E-021  9.01127E-006  6.17266E-002 -3.38273E-001
  272344.115  3782543.1  1.84041E-021  7.43872E-006  8.04862E-002 -3.19514E-001
  285837.777  3984808.0  1.67338E-021  6.14011E-006  1.34389E-001 -2.65611E-001
  300000.000  4197094.4  1.52140E-021  5.06782E-006  1.00000E+000  6.00000E-001

   20000.000        0.0  2.19581E-019  1.64572E-001  1.00000E+000  4.00000E-001
   20990.927    14853.6  2.04241E-019  1.38963E-001  9.33418E-001  3.33418E-001
   22030.952    30443.2  1.89729E-019  1.17189E-001  8.70317E-001  2.70317E-001
   23122.505    46805.2  1.76035E-019  9.87076E-002  8.10663E-001  2.10663E-001
   24268.141    63977.8  1.63144E-019  8.30458E-002  7.54394E-001  1.54394E-001
   25470.539    82001.3  1.51033E-019  6.97938E-002  7.01432E-001  1.01432E-001
   26732.512   100917.8  1.39680E-019  5.85969E-002  6.51677E-001  5.16774E-002
   28057.011   120771.6  1.29056E-019  4.91490E-002  6.05022E-001  5.02182E-003
   29447.134   141609.0  1.19131E-019  4.11870E-002  5.61345E-001 -3.86550E-002
   30906.133   163478.8  1.09876E-019  3.44853E-002  5.20520E-001 -7.94796E-002
   32437.419   186432.2  1.01257E-019  2.88506E-002  4.82417E-001 -1.17583E-001
   34044.575   210522.9  9.32433E-020  2.41181E-002  4.46900E-001 -1.53100E-001
   35731.360   235807.2  8.58012E-020  2.01472E-002  4.13837E-001 -1.86163E-001
   37501.719   262344.2  7.88989E-020  1.68186E-002  3.83093E-001 -2.16907E-001
   39359.793   290196.0  7.25048E-020  1.40308E-002  3.54537E-001 -2.45463E-001
   41309.928   319427.8  6.65878E-020  1.16979E-002  3.28040E-001 -2.71960E-001
   43356.685   350107.9  6.11181E-020  9.74717E-003  3.03477E-001 -2.96523E-001
   45504.851   382308.1  5.60668E-020  8.11728E-003  2.80727E-001 -3.19273E-001
   47759.451   416103.7  5.14060E-020  6.75641E-003  2.59673E-001 -3.40327E-001
   50125.759   451573.8  4.71094E-020  5.62090E-003  2.40205E-001 -3.59795E-001
   52609.308   488801.2  4.31516E-020  4.67403E-003  2.22216E-001 -3.77784E-001
   55215.908   527873.2  3.95087E-020  3.88494E-003  2.05606E-001 -3.94394E-001
   57951.656   568881.0  3.61580E-020  3.22771E-003  1.90278E-001 -4.09722E-001
   60822.950   611920.6  3.30783E-020  2.68058E-003  1.76144E-001 -4.23856E-001
   63836.506   657092.7  3.02494E-020  2.22536E-003  1.63119E-001 -4.36881E-001
   66999.373   704502.9  2.76525E-020  1.84677E-003  1.51122E-001 -4.48878E-001
   70318.948   754262.1  2.52699E-020  1.53207E-003  1.40080E-001 -4.59920E-001
   73802.997   806486.6  2.30851E-020  1.27058E-003  1.29923E-001 -4.70077E-001
   77459.667   861298.7  2.10826E-020  1.05340E-003  1.20585E-001 -4.79415E-001
   81297.512   918826.6  1.92483E-020  8.73087E-004  1.12008E-001 -4.87992E-001
   85325.508   979204.7  1.75686E-020  7.23437E-004  1.04135E-001 -4.95865E-001
   89553.077  1042574.4  1.60313E-020  5.99279E-004  9.69141E-002 -5.03086E-001
   93990.107  1109083.8  1.46249E-020  4.96305E-004  9.02978E-002 -5.09702E-001
   98646.975  1178888.5  1.33386E-020  4.10927E-004  8.42425E-002 -5.15757E-001
  103534.574  1252151.8  1.21628E-020  3.40160E-004  7.87082E-002 -5.21292E-001
  108664.337  1329045.0  1.10882E-020  2.81519E-004  7.36584E-002 -5.26342E-001
  114048.260  1409747.9  1.01065E-020  2.32939E-004  6.90604E-002 -5.30940E-001
  119698.937  1494449.5  9.20989E-021  1.92706E-004  6.48848E-002 -5.35115E-001
  125629.584  1583347.6  8.39130E-021  1.59392E-004  6.11059E-002 -5.38894E-001
  131854.073  1676650.4  7.64413E-021  1.31814E-004  5.77017E-002 -5.42298E-001
  138386.964  1774575.9  6.96232E-021  1.08989E-004  5.46539E-002 -5.45346E-001
  145243.535  1877353.4  6.34032E-021  9.01028E-005  5.19487E-002 -5.48051E-001
  152439.824  1985223.0  5.77302E-021  7.44778E-005  4.95769E-002 -5.50423E-001
  159992.664  2098437.2  5.25572E-021  6.15535E-005  4.75355E-002 -5.52464E-001
  167919.719  2217260.8  4.78412E-021  5.08651E-005  4.58289E-002 -5.54171E-001
  176239.531  2341971.7  4.35428E-021  4.20272E-005  4.44714E-002 -5.55529E-001
  184971.560  2472861.5  3.96257E-021  3.47206E-005  4.34911E-002 -5.56509E-001
  194136.228  2610236.4  3.60567E-021  2.86809E-005  4.29373E-002 -5.57063E-001
  203754.973  2754417.8  3.28055E-021  2.36892E-005  4.28916E-002 -5.57108E-001
  213850.292  2905742.8  2.98443E-021  1.95642E-005  4.34901E-002 -5.56510E-001
  224445.797  3064565.4  2.71476E-021  1.61558E-005  4.49673E-002 -5.55033E-001
  235566.271  3231257.1  2.46923E-021  1.33400E-005  4.77495E-002 -5.52250E-001
  247237.724  3406207.8  2.24569E-021  1.10139E-005  5.26872E-002 -5.47313E-001
  259487.455  3589826.6  2.04221E-021  9.09262E-006  6.17286E-002 -5.38271E-001
  272344.115  3782543.1  1.85702E-021  7.50587E-006  8.04887E-002 -5.19511E-001
  285837.777  3984808.0  1.68849E-021  6.19554E-006  1.34393E-001 -4.65607E-001
  300000.000  4197094.4  1.53513E-021  5.11357E-006  1.00000E+000  4.00000E-001

   20000.000        0.0  2.17657E-019  1.63130E-001  1.00000E+000  2.00000E-001
   20990.927    14853.6  2.02451E-019  1.37745E-001  9.33419E-001  1.33419E-001
   22030.952    30443.2  1.88066E-019  1.16162E-001  8.70319E-001  7.03188E-002
   23122.505    46805.2  1.74493E-019  9.78426E-002  8.10665E-001  1.06645E-002
   24268.141    63977.8  1.61714E-019  8.23181E-002  7.54396E-001 -4.56036E-002
   25470.539    82001.3  1.49710E-019  6.91822E-002  7.01434E-001 -9.85660E-002
   26732.512   100917.8  1.38456E-019  5.80834E-002  6.51680E-001 -1.48320E-001
   28057.011   120771.6  1.27925E-019  4.87184E-002  6.05025E-001 -1.94975E-001
   29447.134   141609.0  1.18088E-019  4.08262E-002  5.61348E-001 -2.38652E-001
   30906.133   163478.8  1.08913E-019  3.41832E-002  5.20523E-001 -2.79477E-001
   32437.419   186432.2  1.00370E-019  2.85979E-002  4.82420E-001 -3.17580E-001
   34044.575   210522.9  9.24266E-020  2.39068E-002  4.46903E-001 -3.53097E-001
   35731.360   235807.2  8.50497E-020  1.99708E-002  4.13840E-001 -3.86160E-001
   37501.719   262344.2  7.82079E-020  1.66713E-002  3.83096E-001 -4.16904E-001
   39359.793   290196.0  7.18698E-020  1.39079E-002  3.54540E-001 -4.45460E-001
   41309.928   319427.8  6.60047E-020  1.15954E-002  3.28043E-001 -4.71957E-001
   43356.685   350107.9  6.05829E-020  9.66181E-003  3.03480E-001 -4.96520E-001
   45504.851   382308.1  5.55758E-020  8.04620E-003  2.80729E-001 -5.19271E-001
   47759.451   416103.7  5.09559E-020  6.69725E-003  2.59676E-001 -5.40324E-001
   50125.759   451573.8  4.66968E-020  5.57168E-003  2.40207E-001 -5.59793E-001
   52609.308   488801.2  4.27737E-020  4.63311E-003  2.22218E-001 -5.77782E-001
   55215.908   527873.2  3.91627E-020  3.85093E-003  2.05608E-001 -5.94392E-001
   57951.656   568881.0  3.58415E-020  3.19945E-003  1.90280E-001 -6.09720E-001
   60822.950   611920.6  3.27887E-020  2.65711E-003  1.76146E-001 -6.23854E-001
   63836.506   657092.7  2.99846E-020  2.20587E-003  1.63120E-001 -6.36880E-001
   66999.373   704502.9  2.74104E-020  1.83061E-003  1.51124E-001 -6.48876E-001
   70318.948   754262.1  2.50486E-020  1.51866E-003  1.40081E-001 -6.59919E-001
   73802.997   806486.6  2.28830E-020  1.25946E-003  1.29924E-001 -6.70076E-001
   77459.667   861298.7  2.08981E-020  1.04418E-003  1.20587E-001 -6.79413E-001
   81297.512   918826.6  1.90798E-020  8.65444E-004  1.12010E-001 -6.87990E-001
   85325.508   979204.7  1.74148E-020  7.17104E-004  1.04136E-001 -6.95864E-001
   89553.077  1042574.4  1.58910E-020  5.94033E-004  9.69152E-002 -7.03085E-001
   93990.107  1109083.8  1.44969E-020  4.91960E-004  9.02989E-002 -7.09701E-001
   98646.975  1178888.5  1.32219E-020  4.07330E-004  8.42436E-002 -7.15756E-001
  103534.574  1252151.8  1.20563E-020  3.37182E-004  7.87092E-002 -7.21291E-001
  108664.337  1329045.0  1.09911E-020  2.79054E-004  7.36593E-002 -7.26341E-001
  114048.260  1409747.9  1.00180E-020  2.30901E-004  6.90612E-002 -7.30939E-001
  119698.937  1494449.5  9.12928E-021  1.91019E-004  6.48856E-002 -7.35114E-001
  125629.584  1583347.6  8.31785E-021  1.57997E-004  6.11067E-002 -7.38893E-001
  131854.073  1676650.4  7.57722E-021  1.30660E-004  5.77025E-002 -7.42298E-001
  138386.964  1774575.9  6.90138E-021  1.08035E-004  5.46546E-002 -7.45345E-001
  145243.535  1877353.4  6.28482E-021  8.93141E-005  5.19493E-002 -7.48051E-001
  152439.824  1985223.0  5.72249E-021  7.38259E-005  4.95776E-002 -7.50422E-001
  159992.664  2098437.2  5.20972E-021  6.10148E-005  4.75362E-002 -7.52464E-001
  167919.719  2217260.8  4.74225E-021  5.04199E-005  4.58295E-002 -7.54170E-001
  176239.531  2341971.7  4.31617E-021  4.16594E-005  4.44720E-002 -7.55528E-001
  184971.560  2472861.5  3.92789E-021  3.44167E-005  4.34917E-002 -7.56508E-001
  194136.228  2610236.4  3.57411E-021  2.84299E-005  4.29379E-002 -7.57062E-001
  203754.973  2754417.8  3.25184E-021  2.34819E-005  4.28922E-002 -7.57108E-001
  213850.292  2905742.8  2.95831E-021  1.93930E-005  4.34907E-002 -7.56509E-001
  224445.797  3064565.4  2.69100E-021  1.60144E-005  4.49679E-002 -7.55032E-001
  235566.271  3231257.1  2.44762E-021  1.32232E-005  4.77502E-002 -7.52250E-001
  247237.724  3406207.8  2.22604E-021  1.09175E-005  5.26879E-002 -7.47312E-001
  259487.455  3589826.6  2.02434E-021  9.01305E-006  6.17294E-002 -7.38271E-001
  272344.115  3782543.1  1.84077E-021  7.44018E-006  8.04898E-002 -7.19510E-001
  285837.777  3984808.0  1.67371E-021  6.14132E-006  1.34395E-001 -6.65605E-001
  300000.000  4197094.4  1.52170E-021  5.06882E-006  1.00000E+000  2.00000E-001

   20000.000        0.0  2.19581E-019  1.64572E-001  1.00000E+000  0.00000E+000
   20990.927    14853.6  2.04241E-019  1.38963E-001  9.33418E-001 -6.65816E-002
   22030.952    30443.2  1.89729E-019  1.17189E-001  8.70317E-001 -1.29683E-001
   23122.505    46805.2  1.76035E-019  9.87076E-002  8.10663E-001 -1.89337E-001
   24268.141    63977.8  1.63144E-019  8.30458E-002  7.54394E-001 -2.45606E-001
   25470.539    82001.3  1.51033E-019  6.97938E-002  7.01432E-001 -2.98568E-001
   26732.512   100917.8  1.39680E-019  5.85969E-002  6.51677E-001 -3.48323E-001
   28057.011   120771.6  1.29056E-019  4.91490E-002  6.05022E-001 -3.94978E-001
   29447.134   141609.0  1.19131E-019  4.11870E-002  5.61345E-001 -4.38655E-001
   30906.133   163478.8  1.09876E-019  3.44853E-002  5.20520E-001 -4.79480E-001
   32437.419   186432.2  1.01257E-019  2.88506E-002  4.82417E-001 -5.17583E-001
   34044.575   210522.9  9.32433E-020  2.41181E-002  4.46900E-001 -5.53100E-001
   35731.360   235807.2  8.58012E-020  2.01472E-002  4.13837E-001 -5.86163E-001
   37501.719   262344.2  7.88989E-020  1.68186E-002  3.83093E-001 -6.16907E-001
   39359.793   290196.0  7.25048E-020  1.40308E-002  3.54537E-001 -6.45463E-001
   41309.928   319427.8  6.65878E-020  1.16979E-002  3.28040E-001 -6.71960E-001
   43356.685   350107.9  6.11181E-020  9.74717E-003  3.03477E-001 -6.96523E-001
   45504.851   382308.1  5.60668E-020  8.11728E-003  2.80727E-001 -7.19273E-001
   47759.451   416103.7  5.14060E-020  6.75641E-003  2.59673E-001 -7.40327E-001
   50125.759   451573.8  4.71094E-020  5.62090E-003  2.40205E-001 -7.59795E-001
   52609.308   488801.2  4.31516E-020  4.67403E-003  2.22216E-001 -7.77784E-001
   55215.908   527873.2  3.95087E-020  3.88494E-003  2.05606E-001 -7.94394E-001
   57951.656   568881.0  3.61580E-020  3.22771E-003  1.90278E-001 -8.09722E-001
   60822.950   611920.6  3.30783E-020  2.68058E-003  1.76144E-001 -8.23856E-001
   63836.506   657092.7  3.02494E-020  2.22536E-003  1.63119E-001 -8.36881E-001
   66999.373   704502.9  2.76525E-020  1.84677E-003  1.51122E-001 -8.48878E-001
   70318.948   754262.1  2.52699E-020  1.53207E-003  1.40080E-001 -8.59920E-001
   73802.997   806486.6  2.30851E-020  1.27058E-003  1.29923E-001 -8.70077E-001
   77459.667   861298.7  2.10826E-020  1.05340E-003  1.20585E-001 -8.79415E-001
   81297.512   918826.6  1.92483E-020  8.73087E-004  1.12008E-001 -8.87992E-001
   85325.508   979204.7  1.75686E-020  7.23437E-004  1.04135E-001 -8.95865E-001
   89553.077  1042574.4  1.60313E-020  5.99279E-004  9.69141E-002 -9.03086E-001
   93990.107  1109083.8  1.46249E-020  4.96305E-004  9.02978E-002 -9.09702E-001
   98646.975  1178888.5  1.33386E-020  4.10927E-004  8.42425E-002 -9.15757E-001
  103534.574  1252151.8  1.21628E-020  3.40160E-004  7.87082E-002 -9.21292E-001
  108664.337  1329045.0  1.10882E-020  2.81519E-004  7.36584E-002 -9.26342E-001
  114048.260  1409747.9  1.01065E-020  2.32939E-004  6.90604E-002 -9.30940E-001
  119698.937  1494449.5  9.20989E-021  1.92706E-004  6.48848E-002 -9.35115E-001
  125629.584  1583347.6  8.39130E-021  1.59392E-004  6.11059E-002 -9.38894E-001
  131854.073  1676650.4  7.64413E-021  1.31814E-004  5.77017E-002 -9.42298E-001
  138386.964  1774575.9  6.96232E-021  1.08989E-004  5.46539E-002 -9.45346E-001
  145243.535  1877353.4  6.34032E-021  9.01028E-005  5.19487E-002 -9.48051E-001
  152439.824  1985223.0  5.77302E-021  7.44778E-005  4.95769E-002 -9.50423E-001
  159992.664  2098437.2  5.25572E-021  6.15535E-005  4.75355E-002 -9.52464E-001
  167919.719  2217260.8  4.78412E-021  5.08651E-005  4.58289E-002 -9.54171E-001
  176239.531  2341971.7  4.35428E-021  4.20272E-005  4.44714E-002 -9.55529E-001
  184971.560  2472861.5  3.96257E-021  3.47206E-005  4.34911E-002 -9.56509E-001
  194136.228  2610236.4  3.60567E-021  2.86809E-005  4.29373E-002 -9.57063E-001
  203754.973  2754417.8  3.28055E-021  2.36892E-005  4.28916E-002 -9.57108E-001
  213850.292  2905742.8  2.98443E-021  1.95642E-005  4.34901E-002 -9.56510E-001
  224445.797  3064565.4  2.71476E-021  1.61558E-005  4.49673E-002 -9.55033E-001
  235566.271  3231257.1  2.46923E-021  1.33400E-005  4.77495E-002 -9.52250E-001
  247237.724  3406207.8  2.24569E-021  1.10139E-005  5.26872E-002 -9.47313E-001
  259487.455  3589826.6  2.04221E-021  9.09262E-006  6.17286E-002 -9.38271E-001
  272344.115  3782543.1  1.85702E-021  7.50587E-006  8.04887E-002 -9.19511E-001
  285837.777  3984808.0  1.68849E-021  6.19554E-006  1.34393E-001 -8.65607E-001
  300000.000  4197094.4  1.53513E-021  5.11357E-006  1.00000E+000  1.19904E-014

   20000.000        0.0  2.17624E-019  1.63105E-001  1.00000E+000 -2.00000E-001
   20990.927    14853.6  2.02420E-019  1.37725E-001  9.33417E-001 -2.66583E-001
   22030.952    30443.2  1.88037E-019  1.16144E-001  8.70314E-001 -3.29686E-001
   23122.505    46805.2  1.74465E-019  9.78273E-002  8.10658E-001 -3.89342E-001
   24268.141    63977.8  1.61688E-019  8.23050E-002  7.54389E-001 -4.45611E-001
   25470.539    82001.3  1.49686E-019  6.91711E-002  7.01425E-001 -4.98575E-001
   26732.512   100917.8  1.38433E-019  5.80740E-002  6.51671E-001 -5.48329E-001
   28057.011   120771.6  1.27904E-019  4.87104E-002  6.05015E-001 -5.94985E-001
   29447.134   141609.0  1.18068E-019  4.08194E-002  5.61338E-001 -6.38662E-001
   30906.133   163478.8  1.08895E-019  3.41774E-002  5.20513E-001 -6.79487E-001
   32437.419   186432.2  1.00353E-019  2.85930E-002  4.82409E-001 -7.17591E-001
   34044.575   210522.9  9.24107E-020  2.39027E-002  4.46893E-001 -7.53107E-001
   35731.360   235807.2  8.50350E-020  1.99673E-002  4.13830E-001 -7.86170E-001
   37501.719   262344.2  7.81943E-020  1.66684E-002  3.83086E-001 -8.16914E-001
   39359.793   290196.0  7.18572E-020  1.39055E-002  3.54531E-001 -8.45469E-001
   41309.928   319427.8  6.59930E-020  1.15934E-002  3.28034E-001 -8.71966E-001
   43356.685   350107.9  6.05721E-020  9.66009E-003  3.03471E-001 -8.96529E-001
   45504.851   382308.1  5.55658E-020  8.04476E-003  2.80721E-001 -9.19279E-001
   47759.451   416103.7  5.09467E-020  6.69604E-003  2.59667E-001 -9.40333E-001
   50125.759   451573.8  4.66884E-020  5.57067E-003  2.40199E-001 -9.59801E-001
   52609.308   488801.2  4.27659E-020  4.63227E-003  2.22211E-001 -9.77789E-001
   55215.908   527873.2  3.91556E-020  3.85022E-003  2.05601E-001 -9.94399E-001
   57951.656   568881.0  3.58349E-020  3.19886E-003  1.90274E-001 -1.00973E+000
   60822.950   611920.6  3.27827E-020  2.65662E-003  1.76140E-001 -1.02386E+000
   63836.506   657092.7  2.99790E-020  2.20547E-003  1.63114E-001 -1.03689E+000
   66999.373   704502.9  2.74053E-020  1.83026E-003  1.51118E-001 -1.04888E+000
   70318.948   754262.1  2.50440E-020  1.51838E-003  1.40076E-001 -1.05992E+000
   73802.997   806486.6  2.28787E-020  1.25923E-003  1.29919E-001 -1.07008E+000
   77459.667   861298.7  2.08941E-020  1.04398E-003  1.20582E-001 -1.07942E+000
   81297.512   918826.6  1.90762E-020  8.65281E-004  1.12005E-001 -1.08799E+000
   85325.508   979204.7  1.74115E-020  7.16968E-004  1.04132E-001 -1.09587E+000
   89553.077  1042574.4  1.58880E-020  5.93920E-004  9.69112E-002 -1.10309E+000
   93990.107  1109083.8  1.44941E-020  4.91867E-004  9.02952E-002 -1.10970E+000
   98646.975  1178888.5  1.32194E-020  4.07252E-004  8.42400E-002 -1.11576E+000
  103534.574  1252151.8  1.20540E-020  3.37118E-004  7.87058E-002 -1.12129E+000
  108664.337  1329045.0  1.09890E-020  2.79001E-004  7.36562E-002 -1.12634E+000
  114048.260  1409747.9  1.00161E-020  2.30856E-004  6.90583E-002 -1.13094E+000
  119698.937  1494449.5  9.12752E-021  1.90982E-004  6.48828E-002 -1.13512E+000
  125629.584  1583347.6  8.31625E-021  1.57966E-004  6.11040E-002 -1.13890E+000
  131854.073  1676650.4  7.57575E-021  1.30635E-004  5.76999E-002 -1.14230E+000
  138386.964  1774575.9  6.90004E-021  1.08015E-004  5.46522E-002 -1.14535E+000
  145243.535  1877353.4  6.28361E-021  8.92968E-005  5.19470E-002 -1.14805E+000
  152439.824  1985223.0  5.72138E-021  7.38116E-005  4.95753E-002 -1.15042E+000
  159992.664  2098437.2  5.20871E-021  6.10029E-005  4.75340E-002 -1.15247E+000
  167919.719  2217260.8  4.74133E-021  5.04101E-005  4.58274E-002 -1.15417E+000
  176239.531  2341971.7  4.31533E-021  4.16512E-005  4.44699E-002 -1.15553E+000
  184971.560  2472861.5  3.92712E-021  3.44100E-005  4.34897E-002 -1.15651E+000
  194136.228  2610236.4  3.57341E-021  2.84244E-005  4.29359E-002 -1.15706E+000
  203754.973  2754417.8  3.25120E-021  2.34773E-005  4.28902E-002 -1.15711E+000
  213850.292  2905742.8  2.95773E-021  1.93892E-005  4.34887E-002 -1.15651E+000
  224445.797  3064565.4  2.69048E-021  1.60113E-005  4.49658E-002 -1.15503E+000
  235566.271  3231257.1  2.44713E-021  1.32206E-005  4.77479E-002 -1.15225E+000
  247237.724  3406207.8  2.22560E-021  1.09154E-005  5.26855E-002 -1.14731E+000
  259487.455  3589826.6  2.02394E-021  9.01127E-006  6.17266E-002 -1.13827E+000
  272344.115  3782543.1  1.84041E-021  7.43872E-006  8.04862E-002 -1.11951E+000
  285837.777  3984808.0  1.67338E-021  6.14011E-006  1.34389E-001 -1.06561E+000
  300000.000  4197094.4  1.52140E-021  5.06782E-006  1.00000E+000 -2.00000E-001

   20000.000        0.0  2.19535E-019  1.64538E-001  1.00000E+000 -4.00000E-001
   20990.927    14853.6  2.04197E-019  1.38934E-001  9.33415E-001 -4.66585E-001
   22030.952    30443.2  1.89688E-019  1.17164E-001  8.70311E-001 -5.29689E-001
   23122.505    46805.2  1.75996E-019  9.86858E-002  8.10654E-001 -5.89346E-001
   24268.141    63977.8  1.63107E-019  8.30272E-002  7.54384E-001 -6.45616E-001
   25470.539    82001.3  1.50999E-019  6.97779E-002  7.01419E-001 -6.98581E-001
   26732.512   100917.8  1.39647E-019  5.85834E-002  6.51664E-001 -7.48336E-001
   28057.011   120771.6  1.29025E-019  4.91375E-002  6.05008E-001 -7.94992E-001
   29447.134   141609.0  1.19103E-019  4.11773E-002  5.61331E-001 -8.38669E-001
   30906.133   163478.8  1.09850E-019  3.44771E-002  5.20506E-001 -8.79494E-001
   32437.419   186432.2  1.01233E-019  2.88437E-002  4.82402E-001 -9.17598E-001
   34044.575   210522.9  9.32207E-020  2.41122E-002  4.46886E-001 -9.53114E-001
   35731.360   235807.2  8.57803E-020  2.01423E-002  4.13823E-001 -9.86177E-001
   37501.719   262344.2  7.88795E-020  1.68144E-002  3.83079E-001 -1.01692E+000
   39359.793   290196.0  7.24868E-020  1.40273E-002  3.54524E-001 -1.04548E+000
   41309.928   319427.8  6.65712E-020  1.16949E-002  3.28027E-001 -1.07197E+000
   43356.685   350107.9  6.11027E-020  9.74472E-003  3.03465E-001 -1.09654E+000
   45504.851   382308.1  5.60526E-020  8.11523E-003  2.80715E-001 -1.11929E+000
   47759.451   416103.7  5.13929E-020  6.75469E-003  2.59662E-001 -1.14034E+000
   50125.759   451573.8  4.70973E-020  5.61946E-003  2.40194E-001 -1.15981E+000
   52609.308   488801.2  4.31404E-020  4.67283E-003  2.22205E-001 -1.17779E+000
   55215.908   527873.2  3.94984E-020  3.88394E-003  2.05596E-001 -1.19440E+000
   57951.656   568881.0  3.61486E-020  3.22687E-003  1.90269E-001 -1.20973E+000
   60822.950   611920.6  3.30697E-020  2.67988E-003  1.76135E-001 -1.22386E+000
   63836.506   657092.7  3.02415E-020  2.22477E-003  1.63110E-001 -1.23689E+000
   66999.373   704502.9  2.76452E-020  1.84629E-003  1.51114E-001 -1.24889E+000
   70318.948   754262.1  2.52632E-020  1.53167E-003  1.40072E-001 -1.25993E+000
   73802.997   806486.6  2.30789E-020  1.27025E-003  1.29915E-001 -1.27008E+000
   77459.667   861298.7  2.10770E-020  1.05312E-003  1.20579E-001 -1.27942E+000
   81297.512   918826.6  1.92431E-020  8.72855E-004  1.12002E-001 -1.28800E+000
   85325.508   979204.7  1.75639E-020  7.23243E-004  1.04129E-001 -1.29587E+000
   89553.077  1042574.4  1.60270E-020  5.99118E-004  9.69084E-002 -1.30309E+000
   93990.107  1109083.8  1.46209E-020  4.96171E-004  9.02925E-002 -1.30971E+000
   98646.975  1178888.5  1.33350E-020  4.10816E-004  8.42375E-002 -1.31576E+000
  103534.574  1252151.8  1.21595E-020  3.40068E-004  7.87034E-002 -1.32130E+000
  108664.337  1329045.0  1.10852E-020  2.81442E-004  7.36539E-002 -1.32635E+000
  114048.260  1409747.9  1.01037E-020  2.32876E-004  6.90561E-002 -1.33094E+000
  119698.937  1494449.5  9.20739E-021  1.92653E-004  6.48808E-002 -1.33512E+000
  125629.584  1583347.6  8.38901E-021  1.59348E-004  6.11021E-002 -1.33890E+000
  131854.073  1676650.4  7.64204E-021  1.31778E-004  5.76981E-002 -1.34230E+000
  138386.964  1774575.9  6.96041E-021  1.08960E-004  5.46505E-002 -1.34535E+000
  145243.535  1877353.4  6.33858E-021  9.00781E-005  5.19453E-002 -1.34805E+000
  152439.824  1985223.0  5.77143E-021  7.44573E-005  4.95737E-002 -1.35043E+000
  159992.664  2098437.2  5.25428E-021  6.15366E-005  4.75325E-002 -1.35247E+000
  167919.719  2217260.8  4.78281E-021  5.08511E-005  4.58260E-002 -1.35417E+000
  176239.531  2341971.7  4.35308E-021  4.20156E-005  4.44685E-002 -1.35553E+000
  184971.560  2472861.5  3.96147E-021  3.47110E-005  4.34883E-002 -1.35651E+000
  194136.228  2610236.4  3.60467E-021  2.86730E-005  4.29345E-002 -1.35707E+000
  203754.973  2754417.8  3.27964E-021  2.36827E-005  4.28888E-002 -1.35711E+000
  213850.292  2905742.8  2.98360E-021  1.95588E-005  4.34873E-002 -1.35651E+000
  224445.797  3064565.4  2.71401E-021  1.61514E-005  4.49643E-002 -1.35504E+000
  235566.271  3231257.1  2.46854E-021  1.33363E-005  4.77464E-002 -1.35225E+000
  247237.724  3406207.8  2.24507E-021  1.10108E-005  5.26837E-002 -1.34732E+000
  259487.455  3589826.6  2.04165E-021  9.09010E-006  6.17246E-002 -1.33828E+000
  272344.115  3782543.1  1.85650E-021  7.50378E-006  8.04836E-002 -1.31952E+000
  285837.777  3984808.0  1.68802E-021  6.19381E-006  1.34385E-001 -1.26561E+000
  300000.000  4197094.4  1.53470E-021  5.11214E-006  1.00000E+000 -4.00000E-001

   20000.000        0.0  2.17592E-019  1.63081E-001  1.00000E+000 -6.00000E-001
   20990.927    14853.6  2.02390E-019  1.37704E-001  9.33414E-001 -6.66586E-001
   22030.952    30443.2  1.88008E-019  1.16127E-001  8.70310E-001 -7.29690E-001
   23122.505    46805.2  1.74438E-019  9.78120E-002  8.10652E-001 -7.89348E-001
   24268.141    63977.8  1.61663E-019  8.22920E-002  7.54381E-001 -8.45619E-001
   25470.539    82001.3  1.49662E-019  6.91600E-002  7.01417E-001 -8.98583E-001
   26732.512   100917.8  1.38411E-019  5.80645E-002  6.51662E-001 -9.48338E-001
   28057.011   120771.6  1.27883E-019  4.87023E-002  6.05005E-001 -9.94995E-001
   29447.134   141609.0  1.18048E-019  4.08126E-002  5.61328E-001 -1.03867E+000
   30906.133   163478.8  1.08877E-019  3.41717E-002  5.20503E-001 -1.07950E+000
   32437.419   186432.2  1.00336E-019  2.85882E-002  4.82399E-001 -1.11760E+000
   34044.575   210522.9  9.23949E-020  2.38986E-002  4.46883E-001 -1.15312E+000
   35731.360   235807.2  8.50203E-020  1.99639E-002  4.13820E-001 -1.18618E+000
   37501.719   262344.2  7.81807E-020  1.66655E-002  3.83077E-001 -1.21692E+000
   39359.793   290196.0  7.18445E-020  1.39030E-002  3.54521E-001 -1.24548E+000
   41309.928   319427.8  6.59813E-020  1.15913E-002  3.28025E-001 -1.27198E+000
   43356.685   350107.9  6.05613E-020  9.65837E-003  3.03462E-001 -1.29654E+000
   45504.851   382308.1  5.55559E-020  8.04332E-003  2.80712E-001 -1.31929E+000
   47759.451   416103.7  5.09375E-020  6.69483E-003  2.59659E-001 -1.34034E+000
   50125.759   451573.8  4.66799E-020  5.56966E-003  2.40192E-001 -1.35981E+000
   52609.308   488801.2  4.27581E-020  4.63142E-003  2.22203E-001 -1.37780E+000
   55215.908   527873.2  3.91484E-020  3.84952E-003  2.05593E-001 -1.39441E+000
   57951.656   568881.0  3.58283E-020  3.19827E-003  1.90267E-001 -1.40973E+000
   60822.950   611920.6  3.27766E-020  2.65613E-003  1.76133E-001 -1.42387E+000
   63836.506   657092.7  2.99735E-020  2.20506E-003  1.63108E-001 -1.43689E+000
   66999.373   704502.9  2.74002E-020  1.82992E-003  1.51112E-001 -1.44889E+000
   70318.948   754262.1  2.50393E-020  1.51809E-003  1.40071E-001 -1.45993E+000
   73802.997   806486.6  2.28744E-020  1.25899E-003  1.29914E-001 -1.47009E+000
   77459.667   861298.7  2.08902E-020  1.04379E-003  1.20577E-001 -1.47942E+000
   81297.512   918826.6  1.90726E-020  8.65118E-004  1.12001E-001 -1.48800E+000
   85325.508   979204.7  1.74082E-020  7.16833E-004  1.04128E-001 -1.49587E+000
   89553.077  1042574.4  1.58850E-020  5.93808E-004  9.69073E-002 -1.50309E+000
   93990.107  1109083.8  1.44913E-020  4.91773E-004  9.02914E-002 -1.50971E+000
   98646.975  1178888.5  1.32168E-020  4.07175E-004  8.42365E-002 -1.51576E+000
  103534.574  1252151.8  1.20517E-020  3.37053E-004  7.87025E-002 -1.52130E+000
  108664.337  1329045.0  1.09869E-020  2.78948E-004  7.36530E-002 -1.52635E+000
  114048.260  1409747.9  1.00142E-020  2.30812E-004  6.90553E-002 -1.53094E+000
  119698.937  1494449.5  9.12577E-021  1.90945E-004  6.48799E-002 -1.53512E+000
  125629.584  1583347.6  8.31464E-021  1.57936E-004  6.11013E-002 -1.53890E+000
  131854.073  1676650.4  7.57429E-021  1.30610E-004  5.76973E-002 -1.54230E+000
  138386.964  1774575.9  6.89871E-021  1.07994E-004  5.46497E-002 -1.54535E+000
  145243.535  1877353.4  6.28239E-021  8.92795E-005  5.19447E-002 -1.54806E+000
  152439.824  1985223.0  5.72027E-021  7.37972E-005  4.95731E-002 -1.55043E+000
  159992.664  2098437.2  5.20769E-021  6.09910E-005  4.75318E-002 -1.55247E+000
  167919.719  2217260.8  4.74041E-021  5.04003E-005  4.58253E-002 -1.55417E+000
  176239.531  2341971.7  4.31449E-021  4.16431E-005  4.44679E-002 -1.55553E+000
  184971.560  2472861.5  3.92635E-021  3.44033E-005  4.34877E-002 -1.55651E+000
  194136.228  2610236.4  3.57271E-021  2.84188E-005  4.29339E-002 -1.55707E+000
  203754.973  2754417.8  3.25057E-021  2.34727E-005  4.28882E-002 -1.55711E+000
  213850.292  2905742.8  2.95715E-021  1.93854E-005  4.34867E-002 -1.55651E+000
  224445.797  3064565.4  2.68995E-021  1.60082E-005  4.49637E-002 -1.55504E+000
  235566.271  3231257.1  2.44665E-021  1.32180E-005  4.77457E-002 -1.55225E+000
  247237.724  3406207.8  2.22516E-021  1.09132E-005  5.26830E-002 -1.54732E+000
  259487.455  3589826.6  2.02354E-021  9.00950E-006  6.17237E-002 -1.53828E+000
  272344.115  3782543.1  1.84004E-021  7.43726E-006  8.04825E-002 -1.51952E+000
  285837.777  3984808.0  1.67305E-021  6.13890E-006  1.34383E-001 -1.46562E+000
  300000.000  4197094.4  1.52110E-021  5.06682E-006  1.00000E+000 -6.00000E-001

