    0.90899996E+02    0.1000E+01
    0.93499984E+02    0.1000E+01
    0.96099986E+02    0.1000E+01
    0.97699971E+02    0.1000E+01
    0.99599981E+02    0.1000E+01
    0.10199999E+03    0.1000E+01
    0.10380000E+03    0.1000E+01
    0.10559999E+03    0.1000E+01
    0.10769997E+03    0.1000E+01
    0.11039998E+03    0.1000E+01
    0.11399997E+03    0.1000E+01
    0.11779998E+03    0.1000E+01
    0.12130000E+03    0.1000E+01
    0.12480001E+03    0.1000E+01
    0.12709996E+03    0.1000E+01
    0.12839996E+03    0.1000E+01
    0.13049996E+03    0.1000E+01
    0.13239997E+03    0.1000E+01
    0.13390000E+03    0.1000E+01
    0.13660000E+03    0.1000E+01
    0.13980001E+03    0.1000E+01
    0.14329999E+03    0.1000E+01
    0.14719997E+03    0.1000E+01
    0.15099996E+03    0.1000E+01
    0.15519995E+03    0.1000E+01
    0.15879999E+03    0.1000E+01
    0.16199998E+03    0.1000E+01
    0.16599997E+03    0.1000E+01
    0.17029995E+03    0.1000E+01
    0.17339999E+03    0.1000E+01
    0.17679997E+03    0.1000E+01
    0.18020002E+03    0.1000E+01
    0.18170000E+03    0.1000E+01
    0.18609992E+03    0.1000E+01
    0.19100000E+03    0.1000E+01
    0.19389999E+03    0.1000E+01
    0.19839996E+03    0.1000E+01
    0.20179999E+03    0.1000E+01
    0.20500003E+03    0.1000E+01
    0.21050003E+03    0.1000E+01
    0.21620002E+03    0.1000E+01
    0.21979999E+03    0.1000E+01
    0.22299997E+03    0.1000E+01
    0.22680004E+03    0.1000E+01
    0.22999991E+03    0.1000E+01
    0.23399988E+03    0.1000E+01
    0.24000005E+03    0.1000E+01
    0.24649992E+03    0.1000E+01
    0.25240006E+03    0.1000E+01
    0.25680003E+03    0.1000E+01
    0.25999998E+03    0.1000E+01
    0.26399988E+03    0.1000E+01
    0.26849987E+03    0.1000E+01
    0.27350008E+03    0.1000E+01
    0.27850002E+03    0.1000E+01
    0.28400007E+03    0.1000E+01
    0.29000003E+03    0.1000E+01
    0.29599981E+03    0.1000E+01
    0.30099995E+03    0.1000E+01
    0.30799995E+03    0.1000E+01
    0.31799996E+03    0.1000E+01
    0.32799996E+03    0.1000E+01
    0.33799994E+03    0.1000E+01
    0.34799995E+03    0.1000E+01
    0.35699995E+03    0.1000E+01
    0.36599994E+03    0.1000E+01
    0.37499993E+03    0.1000E+01
    0.38499996E+03    0.1000E+01
    0.39499992E+03    0.9999E+00
    0.40499994E+03    0.9999E+00
    0.41399993E+03    0.9999E+00
    0.42199992E+03    0.9999E+00
    0.42999992E+03    0.9999E+00
    0.44099993E+03    0.9999E+00
    0.45099992E+03    0.9999E+00
    0.45999995E+03    0.9999E+00
    0.46999992E+03    0.9999E+00
    0.47999994E+03    0.9999E+00
    0.48999995E+03    0.9999E+00
    0.49999993E+03    0.9999E+00
    0.50599993E+03    0.9999E+00
    0.51199995E+03    0.9998E+00
    0.51999996E+03    0.9998E+00
    0.52999995E+03    0.9998E+00
    0.53999992E+03    0.9998E+00
    0.54999990E+03    0.9998E+00
    0.55999987E+03    0.9998E+00
    0.56999987E+03    0.9998E+00
    0.57999994E+03    0.9997E+00
    0.58999990E+03    0.9997E+00
    0.59999988E+03    0.9997E+00
    0.60999993E+03    0.9997E+00
    0.61999990E+03    0.9997E+00
    0.62999993E+03    0.9996E+00
    0.63999988E+03    0.9996E+00
    0.64999995E+03    0.9996E+00
    0.65799991E+03    0.9996E+00
    0.66499989E+03    0.9996E+00
    0.67499996E+03    0.9995E+00
    0.68499988E+03    0.9995E+00
    0.69499993E+03    0.9995E+00
    0.70499988E+03    0.9994E+00
    0.71599991E+03    0.9994E+00
    0.72599995E+03    0.9994E+00
    0.73499981E+03    0.9993E+00
    0.74499997E+03    0.9993E+00
    0.75499982E+03    0.9993E+00
    0.76499993E+03    0.9992E+00
    0.77499996E+03    0.9992E+00
    0.78499984E+03    0.9991E+00
    0.79499986E+03    0.9991E+00
    0.80499998E+03    0.9990E+00
    0.81499979E+03    0.9990E+00
    0.82499999E+03    0.9990E+00
    0.83499996E+03    0.9989E+00
    0.84499994E+03    0.9988E+00
    0.85499989E+03    0.9988E+00
    0.86499994E+03    0.9987E+00
    0.87499988E+03    0.9987E+00
    0.88499984E+03    0.9986E+00
    0.89499984E+03    0.9985E+00
    0.90499996E+03    0.9985E+00
    0.91499981E+03    0.9984E+00
    0.92499987E+03    0.9983E+00
    0.93499984E+03    0.9983E+00
    0.94499999E+03    0.9982E+00
    0.95500001E+03    0.9981E+00
    0.96499987E+03    0.9980E+00
    0.97499982E+03    0.9980E+00
    0.98499976E+03    0.9979E+00
    0.99499984E+03    0.9978E+00
    0.10049998E+04    0.9977E+00
    0.10149998E+04    0.9976E+00
    0.10249998E+04    0.9975E+00
    0.10349998E+04    0.9974E+00
    0.10449998E+04    0.9973E+00
    0.10549999E+04    0.9972E+00
    0.10649999E+04    0.9971E+00
    0.10750000E+04    0.9970E+00
    0.10849997E+04    0.9969E+00
    0.10949999E+04    0.9968E+00
    0.11050000E+04    0.9966E+00
    0.11149998E+04    0.9965E+00
    0.11249999E+04    0.9964E+00
    0.11349997E+04    0.9963E+00
    0.11449999E+04    0.9961E+00
    0.11549999E+04    0.9960E+00
    0.11649999E+04    0.9958E+00
    0.11749996E+04    0.9957E+00
    0.11849996E+04    0.9956E+00
    0.11949998E+04    0.9954E+00
    0.12049996E+04    0.9952E+00
    0.12149998E+04    0.9951E+00
    0.12249997E+04    0.9949E+00
    0.12349996E+04    0.9948E+00
    0.12449998E+04    0.9946E+00
    0.12549998E+04    0.9944E+00
    0.12649999E+04    0.9942E+00
    0.12749997E+04    0.9940E+00
    0.12849996E+04    0.9939E+00
    0.12949998E+04    0.9937E+00
    0.13049996E+04    0.9935E+00
    0.13149997E+04    0.9933E+00
    0.13249998E+04    0.9931E+00
    0.13349996E+04    0.9929E+00
    0.13449995E+04    0.9926E+00
    0.13549997E+04    0.9924E+00
    0.13649998E+04    0.9922E+00
    0.13749999E+04    0.9920E+00
    0.13849997E+04    0.9917E+00
    0.13949999E+04    0.9915E+00
    0.14050001E+04    0.9912E+00
    0.14149997E+04    0.9910E+00
    0.14249998E+04    0.9907E+00
    0.14350000E+04    0.9905E+00
    0.14419997E+04    0.9903E+00
    0.14469998E+04    0.9902E+00
    0.14549995E+04    0.9899E+00
    0.14649999E+04    0.9897E+00
    0.14749994E+04    0.9894E+00
    0.14849996E+04    0.9891E+00
    0.14949998E+04    0.9888E+00
    0.15049996E+04    0.9885E+00
    0.15119995E+04    0.9883E+00
    0.15169994E+04    0.9881E+00
    0.15250001E+04    0.9879E+00
    0.15349995E+04    0.9876E+00
    0.15449994E+04    0.9872E+00
    0.15549998E+04    0.9869E+00
    0.15649998E+04    0.9866E+00
    0.15750001E+04    0.9862E+00
    0.15850001E+04    0.9859E+00
    0.15949996E+04    0.9855E+00
    0.16049998E+04    0.9852E+00
    0.16150000E+04    0.9848E+00
    0.16249997E+04    0.9844E+00
    0.16350000E+04    0.9841E+00
    0.16449996E+04    0.9837E+00
    0.16549998E+04    0.9833E+00
    0.16649994E+04    0.9829E+00
    0.16720001E+04    0.9826E+00
    0.16770002E+04    0.9824E+00
    0.16849997E+04    0.9821E+00
    0.16950001E+04    0.9816E+00
    0.17049996E+04    0.9812E+00
    0.17150000E+04    0.9808E+00
    0.17249993E+04    0.9803E+00
    0.17349994E+04    0.9799E+00
    0.17449993E+04    0.9794E+00
    0.17550001E+04    0.9789E+00
    0.17649998E+04    0.9785E+00
    0.17749996E+04    0.9780E+00
    0.17849995E+04    0.9775E+00
    0.17950000E+04    0.9770E+00
    0.18050000E+04    0.9765E+00
    0.18150001E+04    0.9760E+00
    0.18249993E+04    0.9755E+00
    0.18349993E+04    0.9749E+00
    0.18449993E+04    0.9744E+00
    0.18549998E+04    0.9739E+00
    0.18650003E+04    0.9733E+00
    0.18750001E+04    0.9727E+00
    0.18849999E+04    0.9722E+00
    0.18950003E+04    0.9716E+00
    0.19049996E+04    0.9710E+00
    0.19149998E+04    0.9704E+00
    0.19249993E+04    0.9698E+00
    0.19350000E+04    0.9692E+00
    0.19449992E+04    0.9686E+00
    0.19550003E+04    0.9679E+00
    0.19670001E+04    0.9672E+00
    0.19759991E+04    0.9666E+00
    0.19839996E+04    0.9661E+00
    0.19950001E+04    0.9653E+00
    0.20050003E+04    0.9647E+00
    0.20149997E+04    0.9640E+00
    0.20249994E+04    0.9633E+00
    0.20349995E+04    0.9626E+00
    0.20449997E+04    0.9619E+00
    0.20550001E+04    0.9611E+00
    0.20649992E+04    0.9604E+00
    0.20739993E+04    0.9597E+00
    0.20780001E+04    0.9594E+00
    0.20849993E+04    0.9589E+00
    0.20950004E+04    0.9582E+00
    0.21050003E+04    0.9574E+00
    0.21149991E+04    0.9566E+00
    0.21250001E+04    0.9558E+00
    0.21350002E+04    0.9550E+00
    0.21449997E+04    0.9542E+00
    0.21550005E+04    0.9534E+00
    0.21649995E+04    0.9526E+00
    0.21750002E+04    0.9517E+00
    0.21849998E+04    0.9509E+00
    0.21950001E+04    0.9500E+00
    0.22050000E+04    0.9491E+00
    0.22149997E+04    0.9483E+00
    0.22249997E+04    0.9474E+00
    0.22350005E+04    0.9465E+00
    0.22449990E+04    0.9456E+00
    0.22549993E+04    0.9446E+00
    0.22650000E+04    0.9437E+00
    0.22750001E+04    0.9428E+00
    0.22850000E+04    0.9418E+00
    0.22950004E+04    0.9408E+00
    0.23050001E+04    0.9399E+00
    0.23149997E+04    0.9389E+00
    0.23249999E+04    0.9379E+00
    0.23349995E+04    0.9369E+00
    0.23449994E+04    0.9358E+00
    0.23550001E+04    0.9348E+00
    0.23649989E+04    0.9338E+00
    0.23750001E+04    0.9327E+00
    0.23849989E+04    0.9317E+00
    0.23950001E+04    0.9306E+00
    0.24050006E+04    0.9295E+00
    0.24149993E+04    0.9284E+00
    0.24249991E+04    0.9273E+00
    0.24349991E+04    0.9262E+00
    0.24450000E+04    0.9251E+00
    0.24549991E+04    0.9239E+00
    0.24649992E+04    0.9228E+00
    0.24749993E+04    0.9216E+00
    0.24850006E+04    0.9204E+00
    0.24950000E+04    0.9193E+00
    0.25050006E+04    0.9181E+00
    0.25129988E+04    0.9171E+00
    0.25179990E+04    0.9165E+00
    0.25249997E+04    0.9156E+00
    0.25350005E+04    0.9144E+00
    0.25449988E+04    0.9132E+00
    0.25550000E+04    0.9119E+00
    0.25649989E+04    0.9106E+00
    0.25749990E+04    0.9094E+00
    0.25849994E+04    0.9081E+00
    0.25949991E+04    0.9068E+00
    0.26049995E+04    0.9055E+00
    0.26149997E+04    0.9042E+00
    0.26249989E+04    0.9028E+00
    0.26350007E+04    0.9015E+00
    0.26449996E+04    0.9001E+00
    0.26549995E+04    0.8988E+00
    0.26649995E+04    0.8974E+00
    0.26749987E+04    0.8960E+00
    0.26849987E+04    0.8946E+00
    0.26949986E+04    0.8932E+00
    0.27050001E+04    0.8918E+00
    0.27149999E+04    0.8903E+00
    0.27249995E+04    0.8889E+00
    0.27350008E+04    0.8874E+00
    0.27450003E+04    0.8860E+00
    0.27549997E+04    0.8845E+00
    0.27649984E+04    0.8830E+00
    0.27750005E+04    0.8815E+00
    0.27850002E+04    0.8800E+00
    0.27949992E+04    0.8785E+00
    0.28049995E+04    0.8769E+00
    0.28150002E+04    0.8754E+00
    0.28250006E+04    0.8738E+00
    0.28350000E+04    0.8723E+00
    0.28450001E+04    0.8707E+00
    0.28550004E+04    0.8691E+00
    0.28650000E+04    0.8675E+00
    0.28749983E+04    0.8659E+00
    0.28849999E+04    0.8643E+00
    0.28949987E+04    0.8626E+00
    0.29099990E+04    0.8602E+00
    0.29299984E+04    0.8568E+00
    0.29499989E+04    0.8535E+00
    0.29700006E+04    0.8501E+00
    0.29899981E+04    0.8466E+00
    0.30099995E+04    0.8431E+00
    0.30299995E+04    0.8396E+00
    0.30499997E+04    0.8360E+00
    0.30699996E+04    0.8324E+00
    0.30899995E+04    0.8287E+00
    0.31099996E+04    0.8250E+00
    0.31299996E+04    0.8213E+00
    0.31499996E+04    0.8175E+00
    0.31699994E+04    0.8137E+00
    0.31899996E+04    0.8099E+00
    0.32099996E+04    0.8060E+00
    0.32299994E+04    0.8021E+00
    0.32499994E+04    0.7981E+00
    0.32699997E+04    0.7942E+00
    0.32899996E+04    0.7901E+00
    0.33099996E+04    0.7861E+00
    0.33299995E+04    0.7820E+00
    0.33499995E+04    0.7779E+00
    0.33699995E+04    0.7738E+00
    0.33899994E+04    0.7696E+00
    0.34099995E+04    0.7654E+00
    0.34299996E+04    0.7612E+00
    0.34499994E+04    0.7569E+00
    0.34699996E+04    0.7526E+00
    0.34899995E+04    0.7483E+00
    0.35099995E+04    0.7440E+00
    0.35299997E+04    0.7397E+00
    0.35499996E+04    0.7353E+00
    0.35699995E+04    0.7309E+00
    0.35899995E+04    0.7265E+00
    0.36099997E+04    0.7220E+00
    0.36299993E+04    0.7176E+00
    0.36399994E+04    0.7153E+00
    0.36499996E+04    0.7131E+00
    0.36699995E+04    0.7086E+00
    0.36899995E+04    0.7041E+00
    0.37099997E+04    0.6996E+00
    0.37299997E+04    0.6950E+00
    0.37499993E+04    0.6905E+00
    0.37699993E+04    0.6859E+00
    0.37899996E+04    0.6813E+00
    0.38099993E+04    0.6767E+00
    0.38299997E+04    0.6721E+00
    0.38499996E+04    0.6675E+00
    0.38699996E+04    0.6629E+00
    0.38899995E+04    0.6583E+00
    0.39099996E+04    0.6537E+00
    0.39299994E+04    0.6490E+00
    0.39499992E+04    0.6444E+00
    0.39699996E+04    0.6398E+00
    0.39899997E+04    0.6351E+00
    0.40099995E+04    0.6305E+00
    0.40299994E+04    0.6258E+00
    0.40499994E+04    0.6212E+00
    0.40699995E+04    0.6165E+00
    0.40899994E+04    0.6119E+00
    0.41099997E+04    0.6072E+00
    0.41299996E+04    0.6026E+00
    0.41499992E+04    0.5980E+00
    0.41699992E+04    0.5933E+00
    0.41899996E+04    0.5887E+00
    0.42099994E+04    0.5841E+00
    0.42299995E+04    0.5795E+00
    0.42499995E+04    0.5749E+00
    0.42699992E+04    0.5703E+00
    0.42899995E+04    0.5657E+00
    0.43099997E+04    0.5611E+00
    0.43299996E+04    0.5565E+00
    0.43499991E+04    0.5520E+00
    0.43699996E+04    0.5474E+00
    0.43899996E+04    0.5429E+00
    0.44099993E+04    0.5384E+00
    0.44299994E+04    0.5339E+00
    0.44499995E+04    0.5294E+00
    0.44699996E+04    0.5249E+00
    0.44899994E+04    0.5205E+00
    0.45099992E+04    0.5160E+00
    0.45299994E+04    0.5116E+00
    0.45499995E+04    0.5072E+00
    0.45699993E+04    0.5028E+00
    0.45899994E+04    0.4985E+00
    0.46099994E+04    0.4941E+00
    0.46299994E+04    0.4898E+00
    0.46499990E+04    0.4855E+00
    0.46699991E+04    0.4812E+00
    0.46899995E+04    0.4769E+00
    0.47099995E+04    0.4727E+00
    0.47299992E+04    0.4685E+00
    0.47499994E+04    0.4643E+00
    0.47699994E+04    0.4601E+00
    0.47899994E+04    0.4559E+00
    0.48099996E+04    0.4518E+00
    0.48299994E+04    0.4477E+00
    0.48499991E+04    0.4436E+00
    0.48699997E+04    0.4395E+00
    0.48899993E+04    0.4355E+00
    0.49099990E+04    0.4315E+00
    0.49299991E+04    0.4275E+00
    0.49499994E+04    0.4236E+00
    0.49699995E+04    0.4196E+00
    0.49899991E+04    0.4157E+00
    0.50099995E+04    0.4118E+00
    0.50299997E+04    0.4080E+00
    0.50499994E+04    0.4042E+00
    0.50699993E+04    0.4004E+00
    0.50899993E+04    0.3966E+00
    0.51099991E+04    0.3928E+00
    0.51299996E+04    0.3891E+00
    0.51499989E+04    0.3854E+00
    0.51699996E+04    0.3818E+00
    0.51899990E+04    0.3781E+00
    0.52099990E+04    0.3745E+00
    0.52299994E+04    0.3709E+00
    0.52499996E+04    0.3674E+00
    0.52699995E+04    0.3638E+00
    0.52899993E+04    0.3603E+00
    0.53099991E+04    0.3569E+00
    0.53299990E+04    0.3534E+00
    0.53499994E+04    0.3500E+00
    0.53699994E+04    0.3466E+00
    0.53899992E+04    0.3433E+00
    0.54099993E+04    0.3399E+00
    0.54299988E+04    0.3366E+00
    0.54499991E+04    0.3333E+00
    0.54699995E+04    0.3301E+00
    0.54899995E+04    0.3269E+00
    0.55099994E+04    0.3237E+00
    0.55299987E+04    0.3205E+00
    0.55499989E+04    0.3174E+00
    0.55699993E+04    0.3143E+00
    0.55899995E+04    0.3112E+00
    0.56099990E+04    0.3081E+00
    0.56299994E+04    0.3051E+00
    0.56499992E+04    0.3021E+00
    0.56699989E+04    0.2991E+00
    0.56899992E+04    0.2962E+00
    0.57099997E+04    0.2933E+00
    0.57299990E+04    0.2904E+00
    0.57499988E+04    0.2875E+00
    0.57699987E+04    0.2847E+00
    0.57899996E+04    0.2819E+00
    0.58099989E+04    0.2791E+00
    0.58299997E+04    0.2763E+00
    0.58499993E+04    0.2736E+00
    0.58699987E+04    0.2709E+00
    0.58899988E+04    0.2682E+00
    0.59099993E+04    0.2656E+00
    0.59299989E+04    0.2629E+00
    0.59499997E+04    0.2603E+00
    0.59699991E+04    0.2578E+00
    0.59899993E+04    0.2552E+00
    0.60099991E+04    0.2527E+00
    0.60299995E+04    0.2502E+00
    0.60499991E+04    0.2477E+00
    0.60699991E+04    0.2453E+00
    0.60899993E+04    0.2428E+00
    0.61099986E+04    0.2404E+00
    0.61299993E+04    0.2380E+00
    0.61499989E+04    0.2357E+00
    0.61699986E+04    0.2334E+00
    0.61899997E+04    0.2311E+00
    0.62099998E+04    0.2288E+00
    0.62299987E+04    0.2265E+00
    0.62499991E+04    0.2243E+00
    0.62699986E+04    0.2221E+00
    0.62899997E+04    0.2199E+00
    0.63099988E+04    0.2177E+00
    0.63299997E+04    0.2155E+00
    0.63499988E+04    0.2134E+00
    0.63699987E+04    0.2113E+00
    0.63899997E+04    0.2092E+00
    0.64099992E+04    0.2072E+00
    0.64299988E+04    0.2051E+00
    0.64499987E+04    0.2031E+00
    0.64699992E+04    0.2011E+00
    0.64899990E+04    0.1991E+00
    0.65099984E+04    0.1972E+00
    0.65299992E+04    0.1952E+00
    0.65499987E+04    0.1933E+00
    0.65699987E+04    0.1914E+00
    0.65899996E+04    0.1896E+00
    0.66099987E+04    0.1877E+00
    0.66299993E+04    0.1859E+00
    0.66499989E+04    0.1841E+00
    0.66699993E+04    0.1823E+00
    0.66899995E+04    0.1805E+00
    0.67099998E+04    0.1787E+00
    0.67299992E+04    0.1770E+00
    0.67499996E+04    0.1753E+00
    0.67699985E+04    0.1736E+00
    0.67899993E+04    0.1719E+00
    0.68099996E+04    0.1702E+00
    0.68299998E+04    0.1686E+00
    0.68499988E+04    0.1669E+00
    0.68699988E+04    0.1653E+00
    0.68899987E+04    0.1637E+00
    0.69099992E+04    0.1621E+00
    0.69299992E+04    0.1606E+00
    0.69499993E+04    0.1590E+00
    0.69699984E+04    0.1575E+00
    0.69899990E+04    0.1560E+00
    0.70099982E+04    0.1545E+00
    0.70299985E+04    0.1530E+00
    0.70499988E+04    0.1515E+00
    0.70699982E+04    0.1501E+00
    0.70899991E+04    0.1486E+00
    0.71099988E+04    0.1472E+00
    0.71299997E+04    0.1458E+00
    0.71499992E+04    0.1444E+00
    0.71699997E+04    0.1430E+00
    0.71899986E+04    0.1417E+00
    0.72099985E+04    0.1403E+00
    0.72299983E+04    0.1390E+00
    0.72499989E+04    0.1377E+00
    0.72699994E+04    0.1364E+00
    0.72899989E+04    0.1351E+00
    0.73099982E+04    0.1338E+00
    0.73299983E+04    0.1326E+00
    0.73499981E+04    0.1313E+00
    0.73699987E+04    0.1301E+00
    0.73899991E+04    0.1289E+00
    0.74099985E+04    0.1276E+00
    0.74299996E+04    0.1264E+00
    0.74499997E+04    0.1253E+00
    0.74699998E+04    0.1241E+00
    0.74899991E+04    0.1229E+00
    0.75099985E+04    0.1218E+00
    0.75299991E+04    0.1207E+00
    0.75499982E+04    0.1195E+00
    0.75699986E+04    0.1184E+00
    0.75899995E+04    0.1173E+00
    0.76099983E+04    0.1162E+00
    0.76299998E+04    0.1152E+00
    0.76499993E+04    0.1141E+00
    0.76699980E+04    0.1131E+00
    0.76899990E+04    0.1120E+00
    0.77099995E+04    0.1110E+00
    0.77299986E+04    0.1100E+00
    0.77499996E+04    0.1090E+00
    0.77699996E+04    0.1080E+00
    0.77899999E+04    0.1070E+00
    0.78099996E+04    0.1060E+00
    0.78299980E+04    0.1050E+00
    0.78499984E+04    0.1041E+00
    0.78699999E+04    0.1031E+00
    0.78899998E+04    0.1022E+00
    0.79099994E+04    0.1013E+00
    0.79299999E+04    0.1004E+00
    0.79499986E+04    0.9945E-01
    0.79699987E+04    0.9856E-01
    0.79899997E+04    0.9767E-01
    0.80099985E+04    0.9679E-01
    0.80299988E+04    0.9592E-01
    0.80499998E+04    0.9506E-01
    0.80699986E+04    0.9421E-01
    0.80899987E+04    0.9337E-01
    0.81099995E+04    0.9254E-01
    0.81299980E+04    0.9171E-01
    0.81499979E+04    0.9090E-01
    0.81699985E+04    0.9009E-01
    0.81899990E+04    0.8929E-01
    0.82099988E+04    0.8850E-01
    0.82299993E+04    0.8772E-01
    0.82499999E+04    0.8695E-01
    0.82699999E+04    0.8618E-01
    0.82899985E+04    0.8542E-01
    0.83099996E+04    0.8467E-01
    0.83299979E+04    0.8393E-01
    0.83499996E+04    0.8320E-01
    0.83699995E+04    0.8247E-01
    0.83899992E+04    0.8175E-01
    0.84099979E+04    0.8104E-01
    0.84299998E+04    0.8033E-01
    0.84499994E+04    0.7964E-01
    0.84699984E+04    0.7895E-01
    0.84899985E+04    0.7826E-01
    0.85099990E+04    0.7759E-01
    0.85299994E+04    0.7692E-01
    0.85499989E+04    0.7625E-01
    0.85699993E+04    0.7560E-01
    0.85899999E+04    0.7495E-01
    0.86099977E+04    0.7431E-01
    0.86299994E+04    0.7367E-01
    0.86499994E+04    0.7304E-01
    0.86699995E+04    0.7242E-01
    0.86899992E+04    0.7180E-01
    0.87099977E+04    0.7119E-01
    0.87299994E+04    0.7059E-01
    0.87499988E+04    0.6999E-01
    0.87699976E+04    0.6940E-01
    0.87899979E+04    0.6881E-01
    0.88099989E+04    0.6823E-01
    0.88299976E+04    0.6766E-01
    0.88499984E+04    0.6709E-01
    0.88699982E+04    0.6653E-01
    0.88899990E+04    0.6597E-01
    0.89099975E+04    0.6542E-01
    0.89299984E+04    0.6487E-01
    0.89499984E+04    0.6433E-01
    0.89699997E+04    0.6379E-01
    0.89899988E+04    0.6326E-01
    0.90099980E+04    0.6274E-01
    0.90299994E+04    0.6222E-01
    0.90499996E+04    0.6171E-01
    0.90699980E+04    0.6120E-01
    0.90899996E+04    0.6069E-01
    0.91099982E+04    0.6019E-01
    0.91299988E+04    0.5970E-01
    0.91499981E+04    0.5921E-01
    0.91699982E+04    0.5872E-01
    0.91899986E+04    0.5824E-01
    0.92099987E+04    0.5777E-01
    0.92299980E+04    0.5730E-01
    0.92499987E+04    0.5683E-01
    0.92699974E+04    0.5637E-01
    0.92899993E+04    0.5591E-01
    0.93099981E+04    0.5546E-01
    0.93299989E+04    0.5501E-01
    0.93499984E+04    0.5457E-01
    0.93699989E+04    0.5413E-01
    0.93899998E+04    0.5370E-01
    0.94099977E+04    0.5327E-01
    0.94299979E+04    0.5284E-01
    0.94499999E+04    0.5242E-01
    0.94700002E+04    0.5200E-01
    0.94899982E+04    0.5158E-01
    0.95099993E+04    0.5117E-01
    0.95300002E+04    0.5077E-01
    0.95500001E+04    0.5036E-01
    0.95699987E+04    0.4997E-01
    0.95899983E+04    0.4957E-01
    0.96099986E+04    0.4918E-01
    0.96299989E+04    0.4879E-01
    0.96499987E+04    0.4841E-01
    0.96699976E+04    0.4803E-01
    0.96899982E+04    0.4765E-01
    0.97099998E+04    0.4728E-01
    0.97299990E+04    0.4691E-01
    0.97499982E+04    0.4654E-01
    0.97699971E+04    0.4618E-01
    0.97899982E+04    0.4582E-01
    0.98099979E+04    0.4547E-01
    0.98299990E+04    0.4511E-01
    0.98499976E+04    0.4477E-01
    0.98699997E+04    0.4442E-01
    0.98899985E+04    0.4408E-01
    0.99099998E+04    0.4374E-01
    0.99300000E+04    0.4340E-01
    0.99499984E+04    0.4307E-01
    0.99699981E+04    0.4274E-01
    0.99899984E+04    0.4241E-01
    0.10024998E+05    0.4185E-01
    0.10074998E+05    0.4106E-01
    0.10124997E+05    0.4028E-01
    0.10174997E+05    0.3953E-01
    0.10224999E+05    0.3879E-01
    0.10274997E+05    0.3807E-01
    0.10325000E+05    0.3737E-01
    0.10374999E+05    0.3668E-01
    0.10425000E+05    0.3600E-01
    0.10474998E+05    0.3535E-01
    0.10524998E+05    0.3470E-01
    0.10574999E+05    0.3407E-01
    0.10625000E+05    0.3346E-01
    0.10674997E+05    0.3285E-01
    0.10724999E+05    0.3227E-01
    0.10774998E+05    0.3169E-01
    0.10824997E+05    0.3113E-01
    0.10874997E+05    0.3058E-01
    0.10924999E+05    0.3004E-01
    0.10974997E+05    0.2951E-01
    0.11025000E+05    0.2899E-01
    0.11074999E+05    0.2849E-01
    0.11124999E+05    0.2799E-01
    0.11174998E+05    0.2751E-01
    0.11224999E+05    0.2704E-01
    0.11274996E+05    0.2657E-01
    0.11325000E+05    0.2612E-01
    0.11375000E+05    0.2567E-01
    0.11425000E+05    0.2524E-01
    0.11474998E+05    0.2481E-01
    0.11525000E+05    0.2439E-01
    0.11574998E+05    0.2399E-01
    0.11624999E+05    0.2359E-01
    0.11674998E+05    0.2319E-01
    0.11724997E+05    0.2281E-01
    0.11775001E+05    0.2243E-01
    0.11824999E+05    0.2206E-01
    0.11875000E+05    0.2170E-01
    0.11924999E+05    0.2135E-01
    0.11975000E+05    0.2100E-01
    0.12024998E+05    0.2066E-01
    0.12074996E+05    0.2033E-01
    0.12125001E+05    0.2000E-01
    0.12175000E+05    0.1968E-01
    0.12225000E+05    0.1937E-01
    0.12275000E+05    0.1906E-01
    0.12324996E+05    0.1876E-01
    0.12374997E+05    0.1846E-01
    0.12424998E+05    0.1817E-01
    0.12475000E+05    0.1789E-01
    0.12524998E+05    0.1761E-01
    0.12574997E+05    0.1734E-01
    0.12624999E+05    0.1707E-01
    0.12674997E+05    0.1680E-01
    0.12724999E+05    0.1655E-01
    0.12775000E+05    0.1629E-01
    0.12825000E+05    0.1604E-01
    0.12875001E+05    0.1580E-01
    0.12924997E+05    0.1556E-01
    0.12975001E+05    0.1533E-01
    0.13024997E+05    0.1510E-01
    0.13074999E+05    0.1487E-01
    0.13125000E+05    0.1465E-01
    0.13174998E+05    0.1443E-01
    0.13224998E+05    0.1422E-01
    0.13274998E+05    0.1401E-01
    0.13324998E+05    0.1380E-01
    0.13375000E+05    0.1360E-01
    0.13425000E+05    0.1340E-01
    0.13474999E+05    0.1320E-01
    0.13525001E+05    0.1301E-01
    0.13574999E+05    0.1282E-01
    0.13624998E+05    0.1264E-01
    0.13674998E+05    0.1246E-01
    0.13724995E+05    0.1228E-01
    0.13774999E+05    0.1210E-01
    0.13824998E+05    0.1193E-01
    0.13874996E+05    0.1176E-01
    0.13925001E+05    0.1160E-01
    0.13974996E+05    0.1143E-01
    0.14024998E+05    0.1127E-01
    0.14075001E+05    0.1112E-01
    0.14124997E+05    0.1096E-01
    0.14175000E+05    0.1081E-01
    0.14225001E+05    0.1066E-01
    0.14274995E+05    0.1051E-01
    0.14325000E+05    0.1037E-01
    0.14374998E+05    0.1023E-01
    0.14425000E+05    0.1009E-01
    0.14475000E+05    0.9949E-02
    0.14524997E+05    0.9814E-02
    0.14570000E+05    0.9694E-02
    0.14620000E+05    0.9563E-02
    0.14674998E+05    0.9422E-02
    0.14725000E+05    0.9296E-02
    0.14775001E+05    0.9172E-02
    0.14824999E+05    0.9050E-02
    0.14874996E+05    0.8930E-02
    0.14924998E+05    0.8812E-02
    0.14975000E+05    0.8696E-02
    0.15024999E+05    0.8582E-02
    0.15075000E+05    0.8469E-02
    0.15124999E+05    0.8359E-02
    0.15175001E+05    0.8250E-02
    0.15225001E+05    0.8143E-02
    0.15274998E+05    0.8038E-02
    0.15324995E+05    0.7934E-02
    0.15374997E+05    0.7833E-02
    0.15425001E+05    0.7732E-02
    0.15474996E+05    0.7634E-02
    0.15524995E+05    0.7536E-02
    0.15575002E+05    0.7441E-02
    0.15624998E+05    0.7347E-02
    0.15674996E+05    0.7254E-02
    0.15724994E+05    0.7163E-02
    0.15774997E+05    0.7073E-02
    0.15825001E+05    0.6985E-02
    0.15874995E+05    0.6898E-02
    0.15925002E+05    0.6812E-02
    0.15975001E+05    0.6728E-02
    0.16049998E+05    0.6604E-02
    0.16150000E+05    0.6443E-02
    0.16249997E+05    0.6287E-02
    0.16350000E+05    0.6135E-02
    0.16449996E+05    0.5988E-02
    0.16549998E+05    0.5846E-02
    0.16649994E+05    0.5707E-02
    0.16749997E+05    0.5573E-02
    0.16849997E+05    0.5443E-02
    0.16950001E+05    0.5316E-02
    0.17049996E+05    0.5193E-02
    0.17150000E+05    0.5074E-02
    0.17249993E+05    0.4958E-02
    0.17349994E+05    0.4845E-02
    0.17449993E+05    0.4735E-02
    0.17550001E+05    0.4629E-02
    0.17649998E+05    0.4525E-02
    0.17749996E+05    0.4424E-02
    0.17849995E+05    0.4327E-02
    0.17950000E+05    0.4231E-02
    0.18050000E+05    0.4139E-02
    0.18150001E+05    0.4049E-02
    0.18249993E+05    0.3961E-02
    0.18349993E+05    0.3876E-02
    0.18449993E+05    0.3793E-02
    0.18549998E+05    0.3712E-02
    0.18650003E+05    0.3633E-02
    0.18750001E+05    0.3557E-02
    0.18849999E+05    0.3482E-02
    0.18950003E+05    0.3409E-02
    0.19049996E+05    0.3338E-02
    0.19149998E+05    0.3270E-02
    0.19249993E+05    0.3202E-02
    0.19350000E+05    0.3137E-02
    0.19449992E+05    0.3073E-02
    0.19550003E+05    0.3011E-02
    0.19649992E+05    0.2950E-02
    0.19749993E+05    0.2891E-02
    0.19849993E+05    0.2833E-02
    0.19950001E+05    0.2777E-02
    0.20050003E+05    0.2722E-02
    0.20149997E+05    0.2669E-02
    0.20249994E+05    0.2617E-02
    0.20349995E+05    0.2566E-02
    0.20449997E+05    0.2516E-02
    0.20550001E+05    0.2468E-02
    0.20649992E+05    0.2420E-02
    0.20749999E+05    0.2374E-02
    0.20849993E+05    0.2329E-02
    0.20950004E+05    0.2285E-02
    0.21050003E+05    0.2242E-02
    0.21149991E+05    0.2200E-02
    0.21250001E+05    0.2159E-02
    0.21350002E+05    0.2119E-02
    0.21449997E+05    0.2080E-02
    0.21550005E+05    0.2041E-02
    0.21649995E+05    0.2004E-02
    0.21750002E+05    0.1967E-02
    0.21849998E+05    0.1932E-02
    0.21950001E+05    0.1897E-02
    0.22050000E+05    0.1863E-02
    0.22149997E+05    0.1829E-02
    0.22249997E+05    0.1797E-02
    0.22350005E+05    0.1765E-02
    0.22449990E+05    0.1734E-02
    0.22549993E+05    0.1703E-02
    0.22650000E+05    0.1673E-02
    0.22750001E+05    0.1644E-02
    0.22850000E+05    0.1616E-02
    0.22950004E+05    0.1588E-02
    0.23050001E+05    0.1560E-02
    0.23149997E+05    0.1534E-02
    0.23249999E+05    0.1507E-02
    0.23349995E+05    0.1482E-02
    0.23449994E+05    0.1457E-02
    0.23550001E+05    0.1432E-02
    0.23649989E+05    0.1408E-02
    0.23750001E+05    0.1385E-02
    0.23849989E+05    0.1362E-02
    0.23950001E+05    0.1339E-02
    0.24050006E+05    0.1317E-02
    0.24149993E+05    0.1295E-02
    0.24249991E+05    0.1274E-02
    0.24349991E+05    0.1253E-02
    0.24450000E+05    0.1233E-02
    0.24549991E+05    0.1213E-02
    0.24649992E+05    0.1193E-02
    0.24749993E+05    0.1174E-02
    0.24850006E+05    0.1156E-02
    0.24950000E+05    0.1137E-02
    0.25050006E+05    0.1119E-02
    0.25149994E+05    0.1101E-02
    0.25249997E+05    0.1084E-02
    0.25350005E+05    0.1067E-02
    0.25449988E+05    0.1050E-02
    0.25550000E+05    0.1034E-02
    0.25649989E+05    0.1018E-02
    0.25749990E+05    0.1002E-02
    0.25849994E+05    0.9870E-03
    0.25949991E+05    0.9719E-03
    0.26049995E+05    0.9570E-03
    0.26149997E+05    0.9425E-03
    0.26249989E+05    0.9282E-03
    0.26350007E+05    0.9142E-03
    0.26449996E+05    0.9005E-03
    0.26549995E+05    0.8870E-03
    0.26649995E+05    0.8738E-03
    0.26749987E+05    0.8608E-03
    0.26849987E+05    0.8481E-03
    0.26949986E+05    0.8356E-03
    0.27050001E+05    0.8233E-03
    0.27149999E+05    0.8112E-03
    0.27249995E+05    0.7994E-03
    0.27350008E+05    0.7878E-03
    0.27450003E+05    0.7764E-03
    0.27549997E+05    0.7652E-03
    0.27649984E+05    0.7542E-03
    0.27750005E+05    0.7434E-03
    0.27850002E+05    0.7328E-03
    0.27949992E+05    0.7223E-03
    0.28049995E+05    0.7121E-03
    0.28150002E+05    0.7020E-03
    0.28250006E+05    0.6922E-03
    0.28350000E+05    0.6824E-03
    0.28450001E+05    0.6729E-03
    0.28550004E+05    0.6635E-03
    0.28650000E+05    0.6543E-03
    0.28749983E+05    0.6453E-03
    0.28849999E+05    0.6364E-03
    0.28949987E+05    0.6276E-03
    0.29049995E+05    0.6191E-03
    0.29149987E+05    0.6106E-03
    0.29249985E+05    0.6023E-03
    0.29349982E+05    0.5941E-03
    0.29450000E+05    0.5861E-03
    0.29550002E+05    0.5782E-03
    0.29649983E+05    0.5705E-03
    0.29749992E+05    0.5628E-03
    0.29849995E+05    0.5553E-03
    0.29949985E+05    0.5480E-03
    0.30049996E+05    0.5407E-03
    0.30149994E+05    0.5336E-03
    0.30249995E+05    0.5266E-03
    0.30349995E+05    0.5197E-03
    0.30449997E+05    0.5129E-03
    0.30549996E+05    0.5062E-03
    0.30649996E+05    0.4996E-03
    0.30749994E+05    0.4932E-03
    0.30849996E+05    0.4868E-03
    0.30949996E+05    0.4805E-03
    0.31049996E+05    0.4744E-03
    0.31149997E+05    0.4683E-03
    0.31249996E+05    0.4624E-03
    0.31349996E+05    0.4565E-03
    0.31449995E+05    0.4507E-03
    0.31549997E+05    0.4450E-03
    0.31649995E+05    0.4394E-03
    0.31749997E+05    0.4339E-03
    0.31849997E+05    0.4285E-03
    0.31949995E+05    0.4232E-03
    0.32099996E+05    0.4153E-03
    0.32299994E+05    0.4051E-03
    0.32499994E+05    0.3953E-03
    0.32699997E+05    0.3857E-03
    0.32899996E+05    0.3764E-03
    0.33099996E+05    0.3674E-03
    0.33299995E+05    0.3586E-03
    0.33499995E+05    0.3501E-03
    0.33699995E+05    0.3419E-03
    0.33899994E+05    0.3339E-03
    0.34099995E+05    0.3262E-03
    0.34299996E+05    0.3186E-03
    0.34499994E+05    0.3113E-03
    0.34699996E+05    0.3042E-03
    0.34899995E+05    0.2973E-03
    0.35099995E+05    0.2906E-03
    0.35299997E+05    0.2840E-03
    0.35499996E+05    0.2777E-03
    0.35699995E+05    0.2715E-03
    0.35899995E+05    0.2655E-03
    0.36099997E+05    0.2597E-03
    0.36299993E+05    0.2540E-03
    0.36499996E+05    0.2485E-03
    0.36699995E+05    0.2431E-03
    0.36899995E+05    0.2379E-03
    0.37099997E+05    0.2328E-03
    0.37299997E+05    0.2278E-03
    0.37499993E+05    0.2230E-03
    0.37699993E+05    0.2183E-03
    0.37899996E+05    0.2138E-03
    0.38099993E+05    0.2093E-03
    0.38299997E+05    0.2050E-03
    0.38499996E+05    0.2007E-03
    0.38699996E+05    0.1966E-03
    0.38899995E+05    0.1926E-03
    0.39099996E+05    0.1887E-03
    0.39299994E+05    0.1849E-03
    0.39499992E+05    0.1812E-03
    0.39699996E+05    0.1776E-03
    0.39899997E+05    0.1740E-03
    0.40099995E+05    0.1706E-03
    0.40299994E+05    0.1672E-03
    0.40499994E+05    0.1639E-03
    0.40699995E+05    0.1607E-03
    0.40899994E+05    0.1576E-03
    0.41099997E+05    0.1546E-03
    0.41299996E+05    0.1516E-03
    0.41499992E+05    0.1487E-03
    0.41699992E+05    0.1459E-03
    0.41899996E+05    0.1431E-03
    0.42099994E+05    0.1404E-03
    0.42299995E+05    0.1378E-03
    0.42499995E+05    0.1352E-03
    0.42699992E+05    0.1327E-03
    0.42899995E+05    0.1302E-03
    0.43099997E+05    0.1278E-03
    0.43299996E+05    0.1255E-03
    0.43499991E+05    0.1232E-03
    0.43699996E+05    0.1209E-03
    0.43899996E+05    0.1188E-03
    0.44099993E+05    0.1166E-03
    0.44299994E+05    0.1145E-03
    0.44499995E+05    0.1125E-03
    0.44699996E+05    0.1105E-03
    0.44899994E+05    0.1085E-03
    0.45099992E+05    0.1066E-03
    0.45299994E+05    0.1047E-03
    0.45499995E+05    0.1029E-03
    0.45699993E+05    0.1011E-03
    0.45899994E+05    0.9938E-04
    0.46099994E+05    0.9766E-04
    0.46299994E+05    0.9599E-04
    0.46499990E+05    0.9435E-04
    0.46699991E+05    0.9274E-04
    0.46899995E+05    0.9117E-04
    0.47099995E+05    0.8963E-04
    0.47299992E+05    0.8812E-04
    0.47499994E+05    0.8665E-04
    0.47699994E+05    0.8521E-04
    0.47899994E+05    0.8379E-04
    0.48099996E+05    0.8241E-04
    0.48299994E+05    0.8105E-04
    0.48499991E+05    0.7972E-04
    0.48699997E+05    0.7842E-04
    0.48899993E+05    0.7715E-04
    0.49099990E+05    0.7590E-04
    0.49299991E+05    0.7467E-04
    0.49499994E+05    0.7347E-04
    0.49699995E+05    0.7230E-04
    0.49899991E+05    0.7115E-04
    0.50099995E+05    0.7002E-04
    0.50299997E+05    0.6891E-04
    0.50499994E+05    0.6782E-04
    0.50699993E+05    0.6676E-04
    0.50899993E+05    0.6572E-04
    0.51099991E+05    0.6469E-04
    0.51299996E+05    0.6369E-04
    0.51499989E+05    0.6271E-04
    0.51699996E+05    0.6174E-04
    0.51899990E+05    0.6080E-04
    0.52099990E+05    0.5987E-04
    0.52299994E+05    0.5896E-04
    0.52499996E+05    0.5807E-04
    0.52699995E+05    0.5719E-04
    0.52899993E+05    0.5633E-04
    0.53099991E+05    0.5549E-04
    0.53299990E+05    0.5466E-04
    0.53499994E+05    0.5384E-04
    0.53699994E+05    0.5305E-04
    0.53899992E+05    0.5226E-04
    0.54099993E+05    0.5150E-04
    0.54299988E+05    0.5074E-04
    0.54499991E+05    0.5000E-04
    0.54699995E+05    0.4927E-04
    0.54899995E+05    0.4856E-04
    0.55099994E+05    0.4786E-04
    0.55299987E+05    0.4717E-04
    0.55499989E+05    0.4649E-04
    0.55699993E+05    0.4583E-04
    0.55899995E+05    0.4518E-04
    0.56099990E+05    0.4454E-04
    0.56299994E+05    0.4391E-04
    0.56499992E+05    0.4329E-04
    0.56699989E+05    0.4268E-04
    0.56899992E+05    0.4208E-04
    0.57099997E+05    0.4150E-04
    0.57299990E+05    0.4092E-04
    0.57499988E+05    0.4035E-04
    0.57699987E+05    0.3980E-04
    0.57899996E+05    0.3925E-04
    0.58099989E+05    0.3871E-04
    0.58299997E+05    0.3818E-04
    0.58499993E+05    0.3767E-04
    0.58699987E+05    0.3715E-04
    0.58899988E+05    0.3665E-04
    0.59099993E+05    0.3616E-04
    0.59299989E+05    0.3567E-04
    0.59499997E+05    0.3520E-04
    0.59699991E+05    0.3473E-04
    0.59899993E+05    0.3427E-04
    0.60099991E+05    0.3381E-04
    0.60299995E+05    0.3337E-04
    0.60499991E+05    0.3293E-04
    0.60699991E+05    0.3249E-04
    0.60899993E+05    0.3207E-04
    0.61099986E+05    0.3165E-04
    0.61299993E+05    0.3124E-04
    0.61499989E+05    0.3084E-04
    0.61699986E+05    0.3044E-04
    0.61899997E+05    0.3005E-04
    0.62099998E+05    0.2966E-04
    0.62299987E+05    0.2928E-04
    0.62499991E+05    0.2891E-04
    0.62699986E+05    0.2854E-04
    0.62899997E+05    0.2818E-04
    0.63099988E+05    0.2783E-04
    0.63299997E+05    0.2748E-04
    0.63499988E+05    0.2713E-04
    0.63699987E+05    0.2679E-04
    0.63899997E+05    0.2646E-04
    0.64199993E+05    0.2597E-04
    0.64599988E+05    0.2533E-04
    0.64999995E+05    0.2471E-04
    0.65399993E+05    0.2411E-04
    0.65799991E+05    0.2353E-04
    0.66199985E+05    0.2297E-04
    0.66599989E+05    0.2242E-04
    0.66999989E+05    0.2189E-04
    0.67399990E+05    0.2138E-04
    0.67799995E+05    0.2088E-04
    0.68199998E+05    0.2039E-04
    0.68599991E+05    0.1992E-04
    0.68999988E+05    0.1946E-04
    0.69399985E+05    0.1902E-04
    0.69799998E+05    0.1858E-04
    0.70199997E+05    0.1816E-04
    0.70599985E+05    0.1776E-04
    0.70999983E+05    0.1736E-04
    0.71399982E+05    0.1697E-04
    0.71799990E+05    0.1660E-04
    0.72199985E+05    0.1623E-04
    0.72599995E+05    0.1588E-04
    0.72999982E+05    0.1553E-04
    0.73399998E+05    0.1520E-04
    0.73799990E+05    0.1487E-04
    0.74199993E+05    0.1455E-04
    0.74599994E+05    0.1424E-04
    0.74999996E+05    0.1394E-04
    0.75399987E+05    0.1365E-04
    0.75799993E+05    0.1336E-04
    0.76199985E+05    0.1308E-04
    0.76599993E+05    0.1281E-04
    0.76999991E+05    0.1255E-04
    0.77399991E+05    0.1229E-04
    0.77799990E+05    0.1204E-04
    0.78199983E+05    0.1180E-04
    0.78599988E+05    0.1156E-04
    0.78999984E+05    0.1133E-04
    0.79399993E+05    0.1110E-04
    0.79799994E+05    0.1088E-04
    0.80199991E+05    0.1066E-04
    0.80599987E+05    0.1045E-04
    0.80999988E+05    0.1025E-04
    0.81399979E+05    0.1005E-04
    0.81799988E+05    0.9853E-05
    0.82199982E+05    0.9662E-05
    0.82599992E+05    0.9477E-05
    0.82999984E+05    0.9295E-05
    0.83399995E+05    0.9118E-05
    0.83799991E+05    0.8945E-05
    0.84199988E+05    0.8777E-05
    0.84599978E+05    0.8612E-05
    0.84999978E+05    0.8451E-05
    0.85399984E+05    0.8294E-05
    0.85799990E+05    0.8140E-05
    0.86199994E+05    0.7990E-05
    0.86599992E+05    0.7843E-05
    0.86999983E+05    0.7700E-05
    0.87399991E+05    0.7560E-05
    0.87799992E+05    0.7423E-05
    0.88199986E+05    0.7290E-05
    0.88599975E+05    0.7159E-05
    0.88999989E+05    0.7031E-05
    0.89399979E+05    0.6906E-05
    0.89799975E+05    0.6784E-05
    0.90199985E+05    0.6664E-05
    0.90599987E+05    0.6547E-05
    0.90999989E+05    0.6433E-05
    0.91400000E+05    0.6321E-05
    0.91799973E+05    0.6212E-05
    0.92199974E+05    0.6105E-05
    0.92599987E+05    0.6000E-05
    0.92999995E+05    0.5897E-05
    0.93399981E+05    0.5797E-05
    0.93799989E+05    0.5699E-05
    0.94199975E+05    0.5602E-05
    0.94599984E+05    0.5508E-05
    0.94999972E+05    0.5416E-05
    0.95399988E+05    0.5326E-05
    0.95799988E+05    0.5237E-05
    0.96199991E+05    0.5151E-05
    0.96599987E+05    0.5066E-05
    0.96999997E+05    0.4983E-05
    0.97399978E+05    0.4902E-05
    0.97799986E+05    0.4822E-05
    0.98199979E+05    0.4744E-05
    0.98599983E+05    0.4667E-05
    0.98999988E+05    0.4592E-05
    0.99399990E+05    0.4519E-05
    0.99799982E+05    0.4447E-05
    0.10019999E+06    0.4376E-05
    0.19999991E+06    0.2757E-06
    0.39999992E+06    0.1723E-07
    0.59999988E+06    0.3404E-08
    0.79999994E+06    0.1077E-08
    0.99999986E+06    0.4411E-09
    0.11999998E+07    0.2127E-09
    0.13999998E+07    0.1148E-09
    0.15999999E+07    0.6731E-10
    0.29979246E+07    0.5461E-11
