  0.00  2.0000E-01  2.7086E+03  8.8938E+02   0.8273
  0.00  2.0396E-01  2.8904E+03  7.1136E+02   0.8099
  0.00  2.0800E-01  3.0117E+03  5.9376E+02   0.7991
  0.00  2.1212E-01  3.1007E+03  5.0854E+02   0.7916
  0.00  2.1632E-01  3.1688E+03  4.4431E+02   0.7860
  0.00  2.2060E-01  3.2259E+03  3.9096E+02   0.7814
  0.00  2.2497E-01  3.2732E+03  3.4757E+02   0.7776
  0.00  2.2943E-01  3.3132E+03  3.1149E+02   0.7744
  0.00  2.3397E-01  3.3481E+03  2.8038E+02   0.7715
  0.00  2.3860E-01  3.3771E+03  2.5538E+02   0.7692
  0.00  2.4333E-01  3.4047E+03  2.3210E+02   0.7669
  0.00  2.4815E-01  3.4280E+03  2.1283E+02   0.7650
  0.00  2.5306E-01  3.4487E+03  1.9596E+02   0.7632
  0.00  2.5807E-01  3.4693E+03  1.7936E+02   0.7615
  0.00  2.6318E-01  3.4875E+03  1.6536E+02   0.7599
  0.00  2.6839E-01  3.5033E+03  1.5391E+02   0.7584
  0.00  2.7371E-01  3.5191E+03  1.4269E+02   0.7570
  0.00  2.7913E-01  3.5345E+03  1.3188E+02   0.7555
  0.00  2.8466E-01  3.5482E+03  1.2312E+02   0.7542
  0.00  2.9029E-01  3.5593E+03  1.1643E+02   0.7531
  0.00  2.9604E-01  3.5714E+03  1.0829E+02   0.7519
  0.00  3.0190E-01  3.5839E+03  1.0028E+02   0.7507
  0.00  3.0788E-01  3.5946E+03  9.4587E+01   0.7494
  0.00  3.1398E-01  3.6035E+03  9.1163E+01   0.7484
  0.00  3.2020E-01  3.6139E+03  8.4953E+01   0.7473
  0.00  3.2654E-01  3.6235E+03  8.0018E+01   0.7463
  0.00  3.3300E-01  3.6342E+03  7.4674E+01   0.7450
  0.00  3.3960E-01  3.6427E+03  7.1757E+01   0.7439
  0.00  3.4632E-01  3.6503E+03  6.8358E+01   0.7430
  0.00  3.5318E-01  3.6606E+03  6.3469E+01   0.7417
  0.00  3.6018E-01  3.6693E+03  6.0810E+01   0.7406
  0.00  3.6731E-01  3.6769E+03  5.7636E+01   0.7396
  0.00  3.7458E-01  3.6853E+03  5.5020E+01   0.7384
  0.00  3.8200E-01  3.6937E+03  5.2240E+01   0.7373
  0.00  3.8956E-01  3.7017E+03  4.9815E+01   0.7363
  0.00  3.9728E-01  3.7106E+03  4.7497E+01   0.7349
  0.00  4.0515E-01  3.7180E+03  4.4223E+01   0.7339
  0.00  4.1317E-01  3.7245E+03  4.3814E+01   0.7329
  0.00  4.2135E-01  3.7335E+03  4.1717E+01   0.7315
  0.00  4.2969E-01  3.7416E+03  3.9277E+01   0.7304
  0.00  4.3820E-01  3.7489E+03  3.9222E+01   0.7291
  0.00  4.4688E-01  3.7561E+03  3.5884E+01   0.7281
  0.00  4.5573E-01  3.7648E+03  3.4059E+01   0.7267
  0.00  4.6475E-01  3.7717E+03  3.3348E+01   0.7255
  0.00  4.7396E-01  3.7788E+03  3.3232E+01   0.7244
  0.00  4.8334E-01  3.7884E+03  3.1558E+01   0.7227
  0.00  4.9292E-01  3.7958E+03  2.9357E+01   0.7217
  0.00  5.0268E-01  3.8045E+03  2.9383E+01   0.7201
  0.00  5.1263E-01  3.8102E+03  2.7761E+01   0.7192
  0.00  5.2278E-01  3.8195E+03  2.6501E+01   0.7176
  0.00  5.3313E-01  3.8264E+03  2.5346E+01   0.7164
  0.00  5.4369E-01  3.8355E+03  2.3763E+01   0.7149
  0.00  5.5446E-01  3.8435E+03  2.3602E+01   0.7134
  0.00  5.6544E-01  3.8511E+03  2.3209E+01   0.7122
  0.00  5.7664E-01  3.8602E+03  2.3628E+01   0.7103
  0.00  5.8806E-01  3.8686E+03  2.1127E+01   0.7092
  0.00  5.9970E-01  3.8783E+03  2.2144E+01   0.7071
  0.00  6.1158E-01  3.8844E+03  2.0393E+01   0.7062
  0.00  6.2369E-01  3.8949E+03  1.9399E+01   0.7042
  0.00  6.3604E-01  3.9017E+03  1.8278E+01   0.7030
  0.00  6.4863E-01  3.9108E+03  1.8725E+01   0.7012
  0.00  6.6148E-01  3.9185E+03  1.7704E+01   0.6998
  0.00  6.7458E-01  3.9286E+03  1.6383E+01   0.6979
  0.00  6.8793E-01  3.9372E+03  1.6079E+01   0.6962
  0.00  7.0156E-01  3.9458E+03  1.5835E+01   0.6945
  0.00  7.1545E-01  3.9551E+03  1.5800E+01   0.6926
  0.00  7.2962E-01  3.9637E+03  1.5475E+01   0.6909
  0.00  7.4407E-01  3.9735E+03  1.5630E+01   0.6887
  0.00  7.5880E-01  3.9820E+03  1.5047E+01   0.6870
  0.00  7.7383E-01  3.9937E+03  1.4415E+01   0.6844
  0.00  7.8915E-01  4.0018E+03  1.3461E+01   0.6827
  0.00  8.0478E-01  4.0123E+03  1.4093E+01   0.6800
  0.00  8.2071E-01  4.0202E+03  1.3020E+01   0.6783
  0.00  8.3697E-01  4.0303E+03  1.3282E+01   0.6756
  0.00  8.5354E-01  4.0388E+03  1.2532E+01   0.6735
  0.00  8.7044E-01  4.0487E+03  1.2626E+01   0.6708
  0.00  8.8768E-01  4.0577E+03  1.2066E+01   0.6685
  0.00  9.0526E-01  4.0676E+03  1.2094E+01   0.6656
  0.00  9.2318E-01  4.0770E+03  1.1660E+01   0.6630
  0.00  9.4147E-01  4.0870E+03  1.1565E+01   0.6601
  0.00  9.6011E-01  4.0971E+03  1.1312E+01   0.6572
  0.00  9.7912E-01  4.1063E+03  1.2035E+01   0.6542
  0.00  9.9851E-01  4.1168E+03  1.1947E+01   0.6511
  0.00  1.0183E+00  4.1275E+03  1.1734E+01   0.6479
  0.00  1.0385E+00  4.1386E+03  1.1598E+01   0.6446
  0.00  1.0590E+00  4.1499E+03  1.1322E+01   0.6414
  0.00  1.0800E+00  4.1620E+03  1.1301E+01   0.6379
  0.00  1.1014E+00  4.1733E+03  1.1815E+01   0.6347
  0.00  1.1232E+00  4.1864E+03  1.1750E+01   0.6312
  0.00  1.1454E+00  4.2000E+03  1.1363E+01   0.6278
  0.00  1.1681E+00  4.2137E+03  1.2068E+01   0.6244
  0.00  1.1912E+00  4.2291E+03  1.1737E+01   0.6211
  0.00  1.2148E+00  4.2457E+03  1.1549E+01   0.6178
  0.00  1.2389E+00  4.2627E+03  1.2073E+01   0.6146
  0.00  1.2634E+00  4.2819E+03  1.1858E+01   0.6115
  0.00  1.2884E+00  4.3018E+03  1.2370E+01   0.6085
  0.00  1.3139E+00  4.3242E+03  1.2136E+01   0.6057
  0.00  1.3400E+00  4.3476E+03  1.2626E+01   0.6031
  0.00  1.3665E+00  4.3736E+03  1.2371E+01   0.6006
  0.00  1.3936E+00  4.4010E+03  1.2839E+01   0.5985
  0.00  1.4212E+00  4.4306E+03  1.3253E+01   0.5966
  0.00  1.4493E+00  4.4630E+03  1.3181E+01   0.5950
  0.00  1.4780E+00  4.4974E+03  1.3369E+01   0.5936
  0.00  1.5073E+00  4.5341E+03  1.3744E+01   0.5926
  0.00  1.5371E+00  4.5732E+03  1.4085E+01   0.5920
  0.00  1.5676E+00  4.6149E+03  1.4414E+01   0.5916
  0.00  1.5986E+00  4.6589E+03  1.4717E+01   0.5916
  0.00  1.6303E+00  4.7054E+03  1.5002E+01   0.5920
  0.00  1.6625E+00  4.7541E+03  1.5355E+01   0.5927
  0.00  1.6955E+00  4.8046E+03  1.6080E+01   0.5937
  0.00  1.7290E+00  4.8576E+03  1.6293E+01   0.5950
  0.00  1.7633E+00  4.9122E+03  1.6744E+01   0.5966
  0.00  1.7982E+00  4.9682E+03  1.7225E+01   0.5985
  0.00  1.8338E+00  5.0254E+03  1.7870E+01   0.6007
  0.00  1.8701E+00  5.0836E+03  1.8479E+01   0.6031
  0.00  1.9072E+00  5.1424E+03  1.9020E+01   0.6057
  0.00  1.9449E+00  5.2013E+03  1.9653E+01   0.6085
  0.00  1.9834E+00  5.2602E+03  2.0174E+01   0.6114
  0.00  2.0227E+00  5.3185E+03  2.0705E+01   0.6144
  0.00  2.0628E+00  5.3754E+03  2.1550E+01   0.6176
  0.00  2.1036E+00  5.4307E+03  2.2366E+01   0.6208
  0.00  2.1453E+00  5.4842E+03  2.3076E+01   0.6240
  0.00  2.1878E+00  5.5351E+03  2.3933E+01   0.6272
  0.00  2.2311E+00  5.5832E+03  2.4520E+01   0.6304
  0.00  2.2753E+00  5.6277E+03  2.5375E+01   0.6336
  0.00  2.3203E+00  5.6682E+03  2.6328E+01   0.6367
  0.00  2.3663E+00  5.7045E+03  2.7265E+01   0.6398
  0.00  2.4131E+00  5.7359E+03  2.8188E+01   0.6427
  0.00  2.4609E+00  5.7622E+03  2.9187E+01   0.6456
  0.00  2.5096E+00  5.7830E+03  3.0161E+01   0.6483
  0.00  2.5593E+00  5.7977E+03  3.1366E+01   0.6509
  0.00  2.6100E+00  5.8065E+03  3.2459E+01   0.6533
  0.00  2.6617E+00  5.8086E+03  3.3709E+01   0.6556
  0.00  2.7144E+00  5.8042E+03  3.4943E+01   0.6577
  0.00  2.7682E+00  5.7927E+03  3.6454E+01   0.6596
  0.00  2.8230E+00  5.7747E+03  3.7653E+01   0.6614
  0.00  2.8789E+00  5.7496E+03  3.8885E+01   0.6630
  0.00  2.9359E+00  5.7169E+03  4.0547E+01   0.6644
  0.00  2.9940E+00  5.6776E+03  4.1971E+01   0.6656
  0.00  3.0533E+00  5.6311E+03  4.3517E+01   0.6667
  0.00  3.1138E+00  5.5774E+03  4.5194E+01   0.6675
  0.00  3.1755E+00  5.5169E+03  4.6988E+01   0.6682
  0.00  3.2383E+00  5.4498E+03  4.8674E+01   0.6687
  0.00  3.3025E+00  5.3758E+03  5.0759E+01   0.6690
  0.00  3.3679E+00  5.2958E+03  5.2616E+01   0.6691
  0.00  3.4346E+00  5.2094E+03  5.4735E+01   0.6690
  0.00  3.5026E+00  5.1176E+03  5.6625E+01   0.6688
  0.00  3.5719E+00  5.0200E+03  5.8850E+01   0.6684
  0.00  3.6427E+00  4.9172E+03  6.1084E+01   0.6678
  0.00  3.7148E+00  4.8094E+03  6.3605E+01   0.6670
  0.00  3.7884E+00  4.6969E+03  6.6209E+01   0.6660
  0.00  3.8634E+00  4.5804E+03  6.8803E+01   0.6649
  0.00  3.9399E+00  4.4601E+03  7.1560E+01   0.6636
  0.00  4.0179E+00  4.3362E+03  7.4474E+01   0.6622
  0.00  4.0975E+00  4.2094E+03  7.7375E+01   0.6605
  0.00  4.1786E+00  4.0798E+03  8.0482E+01   0.6588
  0.00  4.2614E+00  3.9478E+03  8.3830E+01   0.6568
  0.00  4.3457E+00  3.8140E+03  8.7260E+01   0.6547
  0.00  4.4318E+00  3.6787E+03  9.0709E+01   0.6524
  0.00  4.5196E+00  3.5419E+03  9.4614E+01   0.6499
  0.00  4.6091E+00  3.4043E+03  9.8669E+01   0.6473
  0.00  4.7003E+00  3.2664E+03  1.0274E+02   0.6446
  0.00  4.7934E+00  3.1283E+03  1.0713E+02   0.6416
  0.00  4.8883E+00  2.9902E+03  1.1177E+02   0.6385
  0.00  4.9851E+00  2.8528E+03  1.1669E+02   0.6352
  0.00  5.0839E+00  2.7161E+03  1.2189E+02   0.6317
  0.00  5.1845E+00  2.5807E+03  1.2728E+02   0.6280
  0.00  5.2872E+00  2.4466E+03  1.3316E+02   0.6241
  0.00  5.3919E+00  2.3143E+03  1.3925E+02   0.6199
  0.00  5.4987E+00  2.1838E+03  1.4585E+02   0.6156
  0.00  5.6076E+00  2.0557E+03  1.5282E+02   0.6110
  0.00  5.7186E+00  1.9300E+03  1.6027E+02   0.6061
  0.00  5.8319E+00  1.8069E+03  1.6838E+02   0.6009
  0.00  5.9473E+00  1.6867E+03  1.7702E+02   0.5954
  0.00  6.0651E+00  1.5696E+03  1.8643E+02   0.5896
  0.00  6.1852E+00  1.4558E+03  1.9657E+02   0.5834
  0.00  6.3077E+00  1.3454E+03  2.0765E+02   0.5768
  0.00  6.4326E+00  1.2386E+03  2.1975E+02   0.5697
  0.00  6.5600E+00  1.1354E+03  2.3318E+02   0.5622
  0.00  6.6899E+00  1.0362E+03  2.4791E+02   0.5541
  0.00  6.8224E+00  9.4098E+02  2.6436E+02   0.5455
  0.00  6.9575E+00  8.4966E+02  2.8293E+02   0.5363
  0.00  7.0953E+00  7.6271E+02  3.0376E+02   0.5265
  0.00  7.2358E+00  6.8023E+02  3.2729E+02   0.5160
  0.00  7.3790E+00  6.0193E+02  3.5466E+02   0.5048
  0.00  7.5252E+00  5.2856E+02  3.8597E+02   0.4929
  0.00  7.6742E+00  4.6005E+02  4.2242E+02   0.4802
  0.00  7.8261E+00  3.9680E+02  4.6541E+02   0.4668
  0.00  7.9811E+00  3.3936E+02  5.1638E+02   0.4528
  0.00  8.1392E+00  2.8854E+02  5.7707E+02   0.4380
  0.00  8.3004E+00  2.4535E+02  6.4989E+02   0.4227
  0.00  8.4647E+00  2.1129E+02  7.3857E+02   0.4069
  0.00  8.6323E+00  1.8858E+02  8.4632E+02   0.3907
  0.00  8.8033E+00  1.7980E+02  9.7638E+02   0.3744
  0.00  8.9776E+00  1.8859E+02  1.1338E+03   0.3581
  0.00  9.1554E+00  2.1868E+02  1.3200E+03   0.3423
  0.00  9.3367E+00  2.8395E+02  1.5646E+03   0.3265
  0.00  9.5216E+00  3.8621E+02  1.8248E+03   0.3122
  0.00  9.7101E+00  4.9737E+02  2.0001E+03   0.3023
  0.00  9.9024E+00  5.8507E+02  2.0667E+03   0.2960
  0.00  1.0099E+01  6.4733E+02  2.0497E+03   0.2933
  0.00  1.0299E+01  6.8971E+02  1.9808E+03   0.2934
  0.00  1.0502E+01  7.1169E+02  1.8697E+03   0.2960
  0.00  1.0710E+01  7.1645E+02  1.7305E+03   0.3002
  0.00  1.0922E+01  7.0266E+02  1.5776E+03   0.3038
  0.00  1.1139E+01  6.7502E+02  1.4301E+03   0.3052
  0.00  1.1359E+01  6.4474E+02  1.3027E+03   0.3042
  0.00  1.1584E+01  6.2090E+02  1.1864E+03   0.3027
  0.00  1.1814E+01  5.9855E+02  1.0340E+03   0.3029
  0.00  1.2048E+01  5.6381E+02  8.6640E+02   0.3013
  0.00  1.2286E+01  5.0887E+02  6.6907E+02   0.2961
  0.00  1.2530E+01  4.3376E+02  5.4702E+02   0.2828
  0.00  1.2778E+01  3.6129E+02  4.8618E+02   0.2664
  0.00  1.3031E+01  3.0289E+02  4.7958E+02   0.2504
  0.00  1.3289E+01  2.5977E+02  4.9299E+02   0.2364
  0.00  1.3552E+01  2.2698E+02  5.1497E+02   0.2239
  0.00  1.3820E+01  2.0158E+02  5.3126E+02   0.2129
  0.00  1.4094E+01  1.7903E+02  5.3971E+02   0.2025
  0.00  1.4373E+01  1.5745E+02  5.4332E+02   0.1924
  0.00  1.4658E+01  1.3562E+02  5.5827E+02   0.1819
  0.00  1.4948E+01  1.1587E+02  5.9636E+02   0.1713
  0.00  1.5244E+01  1.0150E+02  6.7018E+02   0.1610
  0.00  1.5546E+01  9.5454E+01  7.7255E+02   0.1517
  0.00  1.5854E+01  9.8050E+01  8.8269E+02   0.1440
  0.00  1.6168E+01  1.0373E+02  9.7722E+02   0.1374
  0.00  1.6488E+01  1.1116E+02  1.0594E+03   0.1316
  0.00  1.6814E+01  1.1996E+02  1.1261E+03   0.1265
  0.00  1.7147E+01  1.2866E+02  1.1721E+03   0.1222
  0.00  1.7487E+01  1.3588E+02  1.1908E+03   0.1188
  0.00  1.7833E+01  1.4021E+02  1.1842E+03   0.1161
  0.00  1.8186E+01  1.4123E+02  1.1516E+03   0.1143
  0.00  1.8546E+01  1.3885E+02  1.1069E+03   0.1125
  0.00  1.8914E+01  1.3376E+02  1.0582E+03   0.1106
  0.00  1.9288E+01  1.2738E+02  1.0093E+03   0.1084
  0.00  1.9670E+01  1.1962E+02  9.6689E+02   0.1057
  0.00  2.0060E+01  1.1250E+02  9.3477E+02   0.1027
  0.00  2.0457E+01  1.0622E+02  9.1443E+02   0.0992
  0.00  2.0862E+01  1.0109E+02  9.0224E+02   0.0957
  0.00  2.1275E+01  9.7504E+01  8.9154E+02   0.0925
  0.00  2.1696E+01  9.4557E+01  8.7649E+02   0.0899
  0.00  2.2126E+01  9.1080E+01  8.5552E+02   0.0875
  0.00  2.2564E+01  8.8087E+01  8.3211E+02   0.0854
  0.00  2.3011E+01  8.4389E+01  8.0046E+02   0.0837
  0.00  2.3467E+01  8.0515E+01  7.6667E+02   0.0821
  0.00  2.3931E+01  7.6530E+01  7.3143E+02   0.0806
  0.00  2.4405E+01  7.2479E+01  6.9473E+02   0.0793
  0.00  2.4889E+01  6.8357E+01  6.5509E+02   0.0781
  0.00  2.5382E+01  6.3958E+01  6.1388E+02   0.0770
  0.00  2.5884E+01  5.9565E+01  5.7660E+02   0.0756
  0.00  2.6397E+01  5.5289E+01  5.4321E+02   0.0740
  0.00  2.6919E+01  5.1430E+01  5.0798E+02   0.0727
  0.00  2.7452E+01  4.7659E+01  4.7610E+02   0.0711
  0.00  2.7996E+01  4.4057E+01  4.4673E+02   0.0694
  0.00  2.8551E+01  4.0639E+01  4.1990E+02   0.0675
  0.00  2.9116E+01  3.7460E+01  3.9359E+02   0.0657
  0.00  2.9692E+01  3.4522E+01  3.6829E+02   0.0639
  0.00  3.0280E+01  3.1804E+01  3.4701E+02   0.0619
  0.00  3.0880E+01  2.9275E+01  3.2717E+02   0.0600
  0.00  3.1492E+01  2.6920E+01  3.0881E+02   0.0580
  0.00  3.2115E+01  2.4787E+01  2.9251E+02   0.0560
  0.00  3.2751E+01  2.2828E+01  2.7708E+02   0.0541
  0.00  3.3400E+01  2.0971E+01  2.6172E+02   0.0522
  0.00  3.4061E+01  1.9278E+01  2.4738E+02   0.0504
  0.00  3.4736E+01  1.7751E+01  2.3491E+02   0.0486
  0.00  3.5424E+01  1.6346E+01  2.2308E+02   0.0469
  0.00  3.6125E+01  1.5054E+01  2.1195E+02   0.0452
  0.00  3.6840E+01  1.3865E+01  2.0143E+02   0.0435
  0.00  3.7570E+01  1.2770E+01  1.9149E+02   0.0419
  0.00  3.8314E+01  1.1763E+01  1.8214E+02   0.0404
  0.00  3.9073E+01  1.0836E+01  1.7335E+02   0.0389
  0.00  3.9846E+01  9.9825E+00  1.6502E+02   0.0375
  0.00  4.0635E+01  9.1974E+00  1.5720E+02   0.0361
  0.00  4.1440E+01  8.4749E+00  1.4973E+02   0.0347
  0.00  4.2261E+01  7.8098E+00  1.4281E+02   0.0334
  0.00  4.3097E+01  7.1976E+00  1.3609E+02   0.0322
  0.00  4.3951E+01  6.6342E+00  1.2993E+02   0.0310
  0.00  4.4821E+01  6.1154E+00  1.2395E+02   0.0298
  0.00  4.5709E+01  5.6377E+00  1.1835E+02   0.0287
  0.00  4.6614E+01  5.1977E+00  1.1304E+02   0.0276
  0.00  4.7537E+01  4.7925E+00  1.0791E+02   0.0265
  0.00  4.8479E+01  4.4194E+00  1.0321E+02   0.0255
  0.00  4.9438E+01  4.0757E+00  9.8620E+01   0.0246
  0.00  5.0417E+01  3.7590E+00  9.4298E+01   0.0236
  0.00  5.1416E+01  3.4672E+00  9.0229E+01   0.0227
  0.00  5.2434E+01  3.1983E+00  8.6263E+01   0.0219
  0.00  5.3472E+01  2.9507E+00  8.2602E+01   0.0210
  0.00  5.4531E+01  2.7225E+00  7.9101E+01   0.0202
  0.00  5.5611E+01  2.5121E+00  7.5686E+01   0.0195
  0.00  5.6713E+01  2.3182E+00  7.2534E+01   0.0187
  0.00  5.7835E+01  2.1393E+00  6.9494E+01   0.0180
  0.00  5.8981E+01  1.9744E+00  6.6529E+01   0.0173
  0.00  6.0149E+01  1.8224E+00  6.3787E+01   0.0167
  0.00  6.1340E+01  1.6821E+00  6.1165E+01   0.0160
  0.00  6.2555E+01  1.5528E+00  5.8605E+01   0.0154
  0.00  6.3793E+01  1.4335E+00  5.6187E+01   0.0148
  0.00  6.5057E+01  1.3234E+00  5.3923E+01   0.0143
  0.00  6.6345E+01  1.2219E+00  5.1713E+01   0.0137
  0.00  6.7659E+01  1.1282E+00  4.9553E+01   0.0132
  0.00  6.8998E+01  1.0418E+00  4.7597E+01   0.0127
  0.00  7.0365E+01  9.6202E-01  4.5696E+01   0.0122
  0.00  7.1758E+01  8.8841E-01  4.3839E+01   0.0117
  0.00  7.3179E+01  8.2047E-01  4.2044E+01   0.0113
  0.00  7.4628E+01  7.5778E-01  4.0405E+01   0.0109
  0.00  7.6106E+01  6.9991E-01  3.8803E+01   0.0104
  0.00  7.7613E+01  6.4648E-01  3.7236E+01   0.0100
  0.00  7.9150E+01  5.9715E-01  3.5714E+01   0.0097
  0.00  8.0718E+01  5.5162E-01  3.4343E+01   0.0093
  0.00  8.2316E+01  5.0957E-01  3.3002E+01   0.0089
  0.00  8.3946E+01  4.7074E-01  3.1691E+01   0.0086
  0.00  8.5609E+01  4.3489E-01  3.0408E+01   0.0083
  0.00  8.7304E+01  4.0178E-01  2.9222E+01   0.0079
  0.00  8.9033E+01  3.7121E-01  2.8100E+01   0.0076
  0.00  9.0796E+01  3.4298E-01  2.7003E+01   0.0073
  0.00  9.2594E+01  3.1690E-01  2.5930E+01   0.0071
  0.00  9.4427E+01  2.9281E-01  2.4879E+01   0.0068
  0.00  9.6297E+01  2.7056E-01  2.3928E+01   0.0065
  0.00  9.8204E+01  2.5000E-01  2.3019E+01   0.0063
  0.00  1.0015E+02  2.3101E-01  2.2129E+01   0.0060
  0.00  1.0213E+02  2.1348E-01  2.1258E+01   0.0058
  0.00  1.0415E+02  1.9727E-01  2.0406E+01   0.0056
  0.00  1.0622E+02  1.8230E-01  1.9606E+01   0.0054
  0.00  1.0832E+02  1.6847E-01  1.8876E+01   0.0052
  0.00  1.1047E+02  1.5570E-01  1.8161E+01   0.0050
  0.00  1.1265E+02  1.4390E-01  1.7462E+01   0.0048
  0.00  1.1488E+02  1.3299E-01  1.6777E+01   0.0046
  0.00  1.1716E+02  1.2291E-01  1.6106E+01   0.0044
  0.00  1.1948E+02  1.1360E-01  1.5478E+01   0.0043
  0.00  1.2185E+02  1.0500E-01  1.4907E+01   0.0041
  0.00  1.2426E+02  9.7043E-02  1.4348E+01   0.0039
  0.00  1.2672E+02  8.9692E-02  1.3800E+01   0.0038
  0.00  1.2923E+02  8.2902E-02  1.3264E+01   0.0036
  0.00  1.3179E+02  7.6626E-02  1.2739E+01   0.0035
  0.00  1.3440E+02  7.0826E-02  1.2225E+01   0.0034
  0.00  1.3706E+02  6.5467E-02  1.1759E+01   0.0032
  0.00  1.3977E+02  6.0513E-02  1.1331E+01   0.0031
  0.00  1.4254E+02  5.5934E-02  1.0911E+01   0.0030
  0.00  1.4536E+02  5.1703E-02  1.0499E+01   0.0029
  0.00  1.4824E+02  4.7793E-02  1.0096E+01   0.0028
  0.00  1.5118E+02  4.4178E-02  9.7013E+00   0.0027
  0.00  1.5417E+02  4.0837E-02  9.3144E+00   0.0026
  0.00  1.5722E+02  3.7749E-02  8.9353E+00   0.0025
  0.00  1.6034E+02  3.4895E-02  8.6036E+00   0.0024
  0.00  1.6351E+02  3.2257E-02  8.2938E+00   0.0023
  0.00  1.6675E+02  2.9819E-02  7.9902E+00   0.0022
  0.00  1.7005E+02  2.7565E-02  7.6927E+00   0.0021
  0.00  1.7342E+02  2.5481E-02  7.4011E+00   0.0020
  0.00  1.7685E+02  2.3556E-02  7.1154E+00   0.0019
  0.00  1.8036E+02  2.1776E-02  6.8355E+00   0.0019
  0.00  1.8393E+02  2.0130E-02  6.5611E+00   0.0018
  0.00  1.8757E+02  1.8610E-02  6.2922E+00   0.0017
  0.00  1.9128E+02  1.7204E-02  6.0486E+00   0.0017
  0.00  1.9507E+02  1.5904E-02  5.8367E+00   0.0016
  0.00  1.9893E+02  1.4703E-02  5.6291E+00   0.0015
  0.00  2.0288E+02  1.3592E-02  5.4255E+00   0.0015
  0.00  2.0689E+02  1.2565E-02  5.2261E+00   0.0014
  0.00  2.1099E+02  1.1616E-02  5.0305E+00   0.0014
  0.00  2.1517E+02  1.0739E-02  4.8389E+00   0.0013
  0.00  2.1943E+02  9.9281E-03  4.6511E+00   0.0013
  0.00  2.2377E+02  9.1785E-03  4.4670E+00   0.0012
  0.00  2.2821E+02  8.4853E-03  4.2865E+00   0.0012
  0.00  2.3272E+02  7.8447E-03  4.1096E+00   0.0011
  0.00  2.3733E+02  7.2525E-03  3.9378E+00   0.0011
  0.00  2.4203E+02  6.7049E-03  3.8044E+00   0.0010
  0.00  2.4682E+02  6.1986E-03  3.6735E+00   0.0010
  0.00  2.5171E+02  5.7306E-03  3.5453E+00   0.0010
  0.00  2.5670E+02  5.2980E-03  3.4196E+00   0.0009
  0.00  2.6178E+02  4.8980E-03  3.2963E+00   0.0009
  0.00  2.6696E+02  4.5284E-03  3.1755E+00   0.0009
  0.00  2.7225E+02  4.1865E-03  3.0570E+00   0.0008
  0.00  2.7764E+02  3.8705E-03  2.9409E+00   0.0008
  0.00  2.8314E+02  3.5784E-03  2.8271E+00   0.0008
  0.00  2.8875E+02  3.3083E-03  2.7155E+00   0.0007
  0.00  2.9446E+02  3.0586E-03  2.6062E+00   0.0007
  0.00  3.0030E+02  2.8278E-03  2.4989E+00   0.0007
  0.00  3.0624E+02  2.6144E-03  2.3938E+00   0.0006
  0.00  3.1231E+02  2.4171E-03  2.2907E+00   0.0006
  0.00  3.1849E+02  2.2347E-03  2.2002E+00   0.0006
  0.00  3.2480E+02  2.0660E-03  2.1289E+00   0.0006
  0.00  3.3123E+02  1.9101E-03  2.0591E+00   0.0006
  0.00  3.3779E+02  1.7659E-03  1.9906E+00   0.0005
  0.00  3.4448E+02  1.6327E-03  1.9234E+00   0.0005
  0.00  3.5130E+02  1.5095E-03  1.8576E+00   0.0005
  0.00  3.5826E+02  1.3955E-03  1.7930E+00   0.0005
  0.00  3.6535E+02  1.2902E-03  1.7297E+00   0.0005
  0.00  3.7259E+02  1.1929E-03  1.6677E+00   0.0004
  0.00  3.7996E+02  1.1029E-03  1.6069E+00   0.0004
  0.00  3.8749E+02  1.0196E-03  1.5472E+00   0.0004
  0.00  3.9516E+02  9.4270E-04  1.4887E+00   0.0004
  0.00  4.0299E+02  8.7157E-04  1.4314E+00   0.0004
  0.00  4.1097E+02  8.0580E-04  1.3752E+00   0.0004
  0.00  4.1911E+02  7.4501E-04  1.3201E+00   0.0003
  0.00  4.2741E+02  6.8880E-04  1.2661E+00   0.0003
  0.00  4.3587E+02  6.3683E-04  1.2131E+00   0.0003
  0.00  4.4450E+02  5.8878E-04  1.1611E+00   0.0003
  0.00  4.5330E+02  5.4436E-04  1.1102E+00   0.0003
  0.00  4.6228E+02  5.0330E-04  1.0603E+00   0.0003
  0.00  4.7143E+02  4.6532E-04  1.0113E+00   0.0003
  0.00  4.8077E+02  4.3022E-04  9.7637E-01   0.0003
  0.00  4.9029E+02  3.9776E-04  9.4780E-01   0.0003
  0.00  5.0000E+02  3.6774E-04  9.1978E-01   0.0002
