  0.000  5.453E-11   24.4357  2.0000E+04  2.243773995E-028
  0.000  1.485E+04   24.6126  2.0991E+04  2.099832695E-028
  0.000  3.044E+04   24.7939  2.2031E+04  1.957456793E-028
  0.000  4.681E+04   24.9789  2.3123E+04  1.818386681E-028
  0.000  6.398E+04   25.1674  2.4268E+04  1.683762856E-028
  0.000  8.200E+04   25.3589  2.5471E+04  1.554854800E-028
  0.000  1.009E+05   25.5528  2.6733E+04  1.432585417E-028
  0.000  1.208E+05   25.7487  2.8057E+04  1.317617844E-028
  0.000  1.416E+05   25.9460  2.9447E+04  1.210229960E-028
  0.000  1.635E+05   26.1442  3.0906E+04  1.110723233E-028
  0.000  1.864E+05   26.3421  3.2437E+04  1.019581519E-028
  0.000  2.105E+05   26.5391  3.4045E+04  9.368012059E-029
  0.000  2.358E+05   26.7354  3.5731E+04  8.612388884E-029
  0.000  2.623E+05   26.9290  3.7502E+04  7.937687402E-029
  0.000  2.902E+05   27.1201  3.9360E+04  7.332073734E-029
  0.000  3.194E+05   27.3083  4.1310E+04  6.791640650E-029
  0.000  3.501E+05   27.4924  4.3357E+04  6.314511401E-029
  0.000  3.823E+05   27.6719  4.5505E+04  5.895532893E-029
  0.000  4.161E+05   27.8463  4.7759E+04  5.530612174E-029
  0.000  4.516E+05   28.0135  5.0126E+04  5.222785549E-029
  0.000  4.888E+05   28.1725  5.2609E+04  4.969391209E-029
  0.000  5.279E+05   28.3212  5.5216E+04  4.773539464E-029
  0.000  5.689E+05   28.4567  5.7952E+04  4.641088238E-029
  0.000  6.119E+05   28.5762  6.0823E+04  4.579785985E-029
  0.000  6.571E+05   28.6756  6.3837E+04  4.603298599E-029
  0.000  7.045E+05   28.7516  6.6999E+04  4.728114667E-029
  0.000  7.543E+05   28.7964  7.0319E+04  4.997449429E-029
  0.000  8.065E+05   28.8076  7.3803E+04  5.448395501E-029
  0.000  8.613E+05   28.7719  7.7460E+04  6.202670306E-029
  0.000  9.188E+05   28.6867  8.1298E+04  7.389970924E-029
  0.000  9.792E+05   28.5366  8.5326E+04  9.347631865E-029
  0.000  1.043E+06   28.3355  8.9553E+04  1.239208020E-028
  0.000  1.109E+06   28.0872  9.3990E+04  1.715748968E-028
  0.000  1.179E+06   28.0300  9.8647E+04  1.992310637E-028
  0.000  1.252E+06   28.2599  1.0353E+05  1.775714463E-028
  0.000  1.329E+06   28.6358  1.0866E+05  1.383643376E-028
  0.000  1.410E+06   29.0650  1.1405E+05  1.026479142E-028
  0.000  1.494E+06   29.5924  1.1970E+05  6.956942385E-029
  0.000  1.583E+06   30.3450  1.2563E+05  3.831391486E-029
  0.000  1.677E+06   30.6510  1.3185E+05  3.183806616E-029
  0.000  1.775E+06   30.7560  1.3839E+05  3.183860578E-029
  0.000  1.877E+06   30.9123  1.4524E+05  3.036926130E-029
  0.000  1.985E+06   30.8981  1.5244E+05  3.389534088E-029
  0.000  2.098E+06   30.7423  1.5999E+05  4.309892656E-029
  0.000  2.217E+06   30.7295  1.6792E+05  4.803847842E-029
  0.000  2.342E+06   30.8601  1.7624E+05  4.691702987E-029
  0.000  2.473E+06   31.1236  1.8497E+05  4.054539715E-029
  0.000  2.610E+06   31.4381  1.9414E+05  3.343021180E-029
  0.000  2.754E+06   31.7200  2.0375E+05  2.840554161E-029
  0.000  2.906E+06   31.9534  2.1385E+05  2.523782635E-029
  0.000  3.065E+06   32.2116  2.2445E+05  2.191643061E-029
  0.000  3.231E+06   32.5151  2.3557E+05  1.825395170E-029
  0.000  3.406E+06   32.8512  2.4724E+05  1.475478283E-029
  0.000  3.590E+06   33.2174  2.5949E+05  1.159983668E-029
  0.000  3.783E+06   33.5867  2.7234E+05  9.093569292E-030
  0.000  3.985E+06   33.9552  2.8584E+05  7.133940926E-030
  0.000  4.197E+06   34.3271  3.0000E+05  5.579520971E-030

  0.050  5.453E-11   24.8317  2.0000E+04  1.557956265E-028
  0.050  1.485E+04   25.0025  2.0991E+04  1.466335291E-028
  0.050  3.044E+04   25.1774  2.2031E+04  1.374951341E-028
  0.050  4.681E+04   25.3558  2.3123E+04  1.285063331E-028
  0.050  6.398E+04   25.5374  2.4268E+04  1.197536359E-028
  0.050  8.200E+04   25.7217  2.5471E+04  1.113195765E-028
  0.050  1.009E+05   25.9084  2.6733E+04  1.032548369E-028
  0.050  1.208E+05   26.0969  2.8057E+04  9.560860154E-029
  0.050  1.416E+05   26.2874  2.9447E+04  8.837223938E-029
  0.050  1.635E+05   26.4795  3.0906E+04  8.156125016E-029
  0.050  1.864E+05   26.6723  3.2437E+04  7.522606564E-029
  0.050  2.105E+05   26.8652  3.4045E+04  6.937485254E-029
  0.050  2.358E+05   27.0590  3.5731E+04  6.392861185E-029
  0.050  2.623E+05   27.2509  3.7502E+04  5.900731711E-029
  0.050  2.902E+05   27.4409  3.9360E+04  5.456533184E-029
  0.050  3.194E+05   27.6275  4.1310E+04  5.061525441E-029
  0.050  3.501E+05   27.8081  4.3357E+04  4.721141043E-029
  0.050  3.823E+05   27.9810  4.5505E+04  4.435091291E-029
  0.050  4.161E+05   28.1441  4.7759E+04  4.204071883E-029
  0.050  4.516E+05   28.2941  5.0126E+04  4.033164320E-029
  0.050  4.888E+05   28.4300  5.2609E+04  3.920046038E-029
  0.050  5.279E+05   28.5500  5.5216E+04  3.866269870E-029
  0.050  5.689E+05   28.6527  5.7952E+04  3.874557449E-029
  0.050  6.119E+05   28.7372  6.0823E+04  3.948648787E-029
  0.050  6.571E+05   28.8019  6.3837E+04  4.097862613E-029
  0.050  7.045E+05   28.8459  6.6999E+04  4.334649763E-029
  0.050  7.543E+05   28.8633  7.0319E+04  4.698847354E-029
  0.050  8.065E+05   28.8531  7.3803E+04  5.225198560E-029
  0.050  8.613E+05   28.8020  7.7460E+04  6.033231278E-029
  0.050  9.188E+05   28.7073  8.1298E+04  7.251563018E-029
  0.050  9.792E+05   28.5522  8.5326E+04  9.214072308E-029
  0.050  1.043E+06   28.3493  8.9553E+04  1.223519158E-028
  0.050  1.109E+06   28.1009  9.3990E+04  1.694238277E-028
  0.050  1.179E+06   28.0444  9.8647E+04  1.966089876E-028
  0.050  1.252E+06   28.2754  1.0353E+05  1.750542693E-028
  0.050  1.329E+06   28.6528  1.0866E+05  1.362152594E-028
  0.050  1.410E+06   29.0830  1.1405E+05  1.009576693E-028
  0.050  1.494E+06   29.6120  1.1970E+05  6.831957230E-029
  0.050  1.583E+06   30.3655  1.2563E+05  3.759699241E-029
  0.050  1.677E+06   30.6676  1.3185E+05  3.135749899E-029
  0.050  1.775E+06   30.7702  1.3839E+05  3.142652397E-029
  0.050  1.877E+06   30.9253  1.4524E+05  3.000853182E-029
  0.050  1.985E+06   30.9102  1.5244E+05  3.351807496E-029
  0.050  2.098E+06   30.7542  1.5999E+05  4.263036400E-029
  0.050  2.217E+06   30.7413  1.6792E+05  4.752026336E-029
  0.050  2.342E+06   30.8719  1.7624E+05  4.641242735E-029
  0.050  2.473E+06   31.1354  1.8497E+05  4.010954762E-029
  0.050  2.610E+06   31.4498  1.9414E+05  3.307146830E-029
  0.050  2.754E+06   31.7316  2.0375E+05  2.810196352E-029
  0.050  2.906E+06   31.9650  2.1385E+05  2.496917363E-029
  0.050  3.065E+06   32.2232  2.2445E+05  2.168367161E-029
  0.050  3.231E+06   32.5267  2.3557E+05  1.806032986E-029
  0.050  3.406E+06   32.8628  2.4724E+05  1.459839487E-029
  0.050  3.590E+06   33.2290  2.5949E+05  1.147697110E-029
  0.050  3.783E+06   33.5983  2.7234E+05  8.997344323E-030
  0.050  3.985E+06   33.9668  2.8584E+05  7.058541314E-030
  0.050  4.197E+06   34.3386  3.0000E+05  5.520621292E-030

  0.100  5.453E-11   24.8668  2.0000E+04  1.508437161E-028
  0.100  1.485E+04   25.0231  2.0991E+04  1.438749020E-028
  0.100  3.044E+04   25.1855  2.2031E+04  1.364789475E-028
  0.100  4.681E+04   25.3538  2.3123E+04  1.287495043E-028
  0.100  6.398E+04   25.5283  2.4268E+04  1.207587767E-028
  0.100  8.200E+04   25.7094  2.5471E+04  1.125929606E-028
  0.100  1.009E+05   25.8969  2.6733E+04  1.043511744E-028
  0.100  1.208E+05   26.0909  2.8057E+04  9.613674074E-029
  0.100  1.416E+05   26.2914  2.9447E+04  8.804481041E-029
  0.100  1.635E+05   26.4980  3.0906E+04  8.018374492E-029
  0.100  1.864E+05   26.7089  3.2437E+04  7.273090043E-029
  0.100  2.105E+05   26.9229  3.4045E+04  6.578220630E-029
  0.100  2.358E+05   27.1391  3.5731E+04  5.937736917E-029
  0.100  2.623E+05   27.3535  3.7502E+04  5.369094259E-029
  0.100  2.902E+05   27.5635  3.9360E+04  4.873895438E-029
  0.100  3.194E+05   27.7663  4.1310E+04  4.454305667E-029
  0.100  3.501E+05   27.9572  4.3357E+04  4.115420801E-029
  0.100  3.823E+05   28.1336  4.5505E+04  3.853640053E-029
  0.100  4.161E+05   28.2930  4.7759E+04  3.665086635E-029
  0.100  4.516E+05   28.4328  5.0126E+04  3.549467586E-029
  0.100  4.888E+05   28.5534  5.2609E+04  3.498861635E-029
  0.100  5.279E+05   28.6551  5.5216E+04  3.509843037E-029
  0.100  5.689E+05   28.7383  5.7952E+04  3.581027021E-029
  0.100  6.119E+05   28.8040  6.0823E+04  3.713016710E-029
  0.100  6.571E+05   28.8520  6.3837E+04  3.913136214E-029
  0.100  7.045E+05   28.8821  6.6999E+04  4.192696374E-029
  0.100  7.543E+05   28.8885  7.0319E+04  4.591028415E-029
  0.100  8.065E+05   28.8703  7.3803E+04  5.142886211E-029
  0.100  8.613E+05   28.8138  7.7460E+04  5.967639510E-029
  0.100  9.188E+05   28.7159  8.1298E+04  7.193829613E-029
  0.100  9.792E+05   28.5593  8.5326E+04  9.154023074E-029
  0.100  1.043E+06   28.3558  8.9553E+04  1.216205185E-028
  0.100  1.109E+06   28.1073  9.3990E+04  1.684390308E-028
  0.100  1.179E+06   28.0507  9.8647E+04  1.954710028E-028
  0.100  1.252E+06   28.2820  1.0353E+05  1.740082685E-028
  0.100  1.329E+06   28.6598  1.0866E+05  1.353439235E-028
  0.100  1.410E+06   29.0902  1.1405E+05  1.002898391E-028
  0.100  1.494E+06   29.6195  1.1970E+05  6.784986027E-029
  0.100  1.583E+06   30.3723  1.2563E+05  3.736225164E-029
  0.100  1.677E+06   30.6729  1.3185E+05  3.120312096E-029
  0.100  1.775E+06   30.7752  1.3839E+05  3.128192323E-029
  0.100  1.877E+06   30.9303  1.4524E+05  2.987156168E-029
  0.100  1.985E+06   30.9155  1.5244E+05  3.335742253E-029
  0.100  2.098E+06   30.7595  1.5999E+05  4.242139029E-029
  0.100  2.217E+06   30.7465  1.6792E+05  4.728981414E-029
  0.100  2.342E+06   30.8770  1.7624E+05  4.619202750E-029
  0.100  2.473E+06   31.1404  1.8497E+05  3.992230085E-029
  0.100  2.610E+06   31.4549  1.9414E+05  3.291785420E-029
  0.100  2.754E+06   31.7367  2.0375E+05  2.797078515E-029
  0.100  2.906E+06   31.9701  2.1385E+05  2.485204009E-029
  0.100  3.065E+06   32.2283  2.2445E+05  2.158195678E-029
  0.100  3.231E+06   32.5318  2.3557E+05  1.797570062E-029
  0.100  3.406E+06   32.8679  2.4724E+05  1.453004423E-029
  0.100  3.590E+06   33.2341  2.5949E+05  1.142321565E-029
  0.100  3.783E+06   33.6034  2.7234E+05  8.955118658E-030
  0.100  3.985E+06   33.9719  2.8584E+05  7.025288354E-030
  0.100  4.197E+06   34.3437  3.0000E+05  5.494509263E-030

  0.150  5.453E-11   24.3662  2.0000E+04  2.392087828E-028
  0.150  1.485E+04   24.5546  2.0991E+04  2.215051105E-028
  0.150  3.044E+04   24.7546  2.2031E+04  2.029654135E-028
  0.150  4.681E+04   24.9652  2.3123E+04  1.841528848E-028
  0.150  6.398E+04   25.1862  2.4268E+04  1.654832514E-028
  0.150  8.200E+04   25.4169  2.5471E+04  1.473981765E-028
  0.150  1.009E+05   25.6560  2.6733E+04  1.302762843E-028
  0.150  1.208E+05   25.9023  2.8057E+04  1.143771893E-028
  0.150  1.416E+05   26.1541  2.9447E+04  9.990973756E-029
  0.150  1.635E+05   26.4097  3.0906E+04  8.697387642E-029
  0.150  1.864E+05   26.6657  3.2437E+04  7.568012067E-029
  0.150  2.105E+05   26.9191  3.4045E+04  6.601499000E-029
  0.150  2.358E+05   27.1676  3.5731E+04  5.784128947E-029
  0.150  2.623E+05   27.4057  3.7502E+04  5.116663758E-029
  0.150  2.902E+05   27.6309  3.9360E+04  4.580593561E-029
  0.150  3.194E+05   27.8398  4.1310E+04  4.162563657E-029
  0.150  3.501E+05   28.0293  4.3357E+04  3.850850141E-029
  0.150  3.823E+05   28.1983  4.5505E+04  3.630626857E-029
  0.150  4.161E+05   28.3468  4.7759E+04  3.487899418E-029
  0.150  4.516E+05   28.4744  5.0126E+04  3.416327763E-029
  0.150  4.888E+05   28.5833  5.2609E+04  3.403945977E-029
  0.150  5.279E+05   28.6751  5.5216E+04  3.445616832E-029
  0.150  5.689E+05   28.7509  5.7952E+04  3.539713776E-029
  0.150  6.119E+05   28.8114  6.0823E+04  3.687685599E-029
  0.150  6.571E+05   28.8561  6.3837E+04  3.898203403E-029
  0.150  7.045E+05   28.8843  6.6999E+04  4.184163970E-029
  0.150  7.543E+05   28.8897  7.0319E+04  4.586281314E-029
  0.150  8.065E+05   28.8708  7.3803E+04  5.140440368E-029
  0.150  8.613E+05   28.8140  7.7460E+04  5.966729341E-029
  0.150  9.188E+05   28.7159  8.1298E+04  7.193995221E-029
  0.150  9.792E+05   28.5592  8.5326E+04  9.154988512E-029
  0.150  1.043E+06   28.3557  8.9553E+04  1.216402487E-028
  0.150  1.109E+06   28.1069  9.3990E+04  1.684933834E-028
  0.150  1.179E+06   28.0500  9.8647E+04  1.955985881E-028
  0.150  1.252E+06   28.2809  1.0353E+05  1.741718393E-028
  0.150  1.329E+06   28.6586  1.0866E+05  1.354918021E-028
  0.150  1.410E+06   29.0888  1.1405E+05  1.004207035E-028
  0.150  1.494E+06   29.6176  1.1970E+05  6.796856054E-029
  0.150  1.583E+06   30.3691  1.2563E+05  3.747351340E-029
  0.150  1.677E+06   30.6697  1.3185E+05  3.129518909E-029
  0.150  1.775E+06   30.7726  1.3839E+05  3.135531261E-029
  0.150  1.877E+06   30.9282  1.4524E+05  2.992799999E-029
  0.150  1.985E+06   30.9141  1.5244E+05  3.339823287E-029
  0.150  2.098E+06   30.7584  1.5999E+05  4.246206955E-029
  0.150  2.217E+06   30.7455  1.6792E+05  4.733709584E-029
  0.150  2.342E+06   30.8758  1.7624E+05  4.624440059E-029
  0.150  2.473E+06   31.1391  1.8497E+05  3.997230265E-029
  0.150  2.610E+06   31.4535  1.9414E+05  3.296008500E-029
  0.150  2.754E+06   31.7354  2.0375E+05  2.800525529E-029
  0.150  2.906E+06   31.9688  2.1385E+05  2.488141390E-029
  0.150  3.065E+06   32.2270  2.2445E+05  2.160728480E-029
  0.150  3.231E+06   32.5305  2.3557E+05  1.799686066E-029
  0.150  3.406E+06   32.8666  2.4724E+05  1.454721053E-029
  0.150  3.590E+06   33.2328  2.5949E+05  1.143666608E-029
  0.150  3.783E+06   33.6021  2.7234E+05  8.965509627E-030
  0.150  3.985E+06   33.9707  2.8584E+05  7.033221132E-030
  0.150  4.197E+06   34.3425  3.0000E+05  5.500530827E-030

  0.200  5.453E-11   23.8915  2.0000E+04  3.703711253E-028
  0.200  1.485E+04   24.1280  2.0991E+04  3.281342452E-028
  0.200  3.044E+04   24.3735  2.2031E+04  2.883059462E-028
  0.200  4.681E+04   24.6273  2.3123E+04  2.513822635E-028
  0.200  6.398E+04   24.8888  2.4268E+04  2.176414325E-028
  0.200  8.200E+04   25.1570  2.5471E+04  1.872695394E-028
  0.200  1.009E+05   25.4303  2.6733E+04  1.603790269E-028
  0.200  1.208E+05   25.7074  2.8057E+04  1.368650394E-028
  0.200  1.416E+05   25.9863  2.9447E+04  1.166078963E-028
  0.200  1.635E+05   26.2650  3.0906E+04  9.937501428E-029
  0.200  1.864E+05   26.5403  3.2437E+04  8.494387377E-029
  0.200  2.105E+05   26.8092  3.4045E+04  7.304676200E-029
  0.200  2.358E+05   27.0697  3.5731E+04  6.330104155E-029
  0.200  2.623E+05   27.3168  3.7502E+04  5.553617744E-029
  0.200  2.902E+05   27.5488  3.9360E+04  4.940480168E-029
  0.200  3.194E+05   27.7631  4.1310E+04  4.467154254E-029
  0.200  3.501E+05   27.9578  4.3357E+04  4.113243676E-029
  0.200  3.823E+05   28.1321  4.5505E+04  3.858788712E-029
  0.200  4.161E+05   28.2868  4.7759E+04  3.686284450E-029
  0.200  4.516E+05   28.4212  5.0126E+04  3.587616338E-029
  0.200  4.888E+05   28.5377  5.2609E+04  3.549988160E-029
  0.200  5.279E+05   28.6372  5.5216E+04  3.568154067E-029
  0.200  5.689E+05   28.7203  5.7952E+04  3.640892805E-029
  0.200  6.119E+05   28.7874  6.0823E+04  3.770104005E-029
  0.200  6.571E+05   28.8377  6.3837E+04  3.964919338E-029
  0.200  7.045E+05   28.8702  6.6999E+04  4.238636874E-029
  0.200  7.543E+05   28.8788  7.0319E+04  4.632249401E-029
  0.200  8.065E+05   28.8621  7.3803E+04  5.181707770E-029
  0.200  8.613E+05   28.8066  7.7460E+04  6.007433309E-029
  0.200  9.188E+05   28.7092  8.1298E+04  7.238429294E-029
  0.200  9.792E+05   28.5528  8.5326E+04  9.208866787E-029
  0.200  1.043E+06   28.3494  8.9553E+04  1.223466521E-028
  0.200  1.109E+06   28.1005  9.3990E+04  1.694906121E-028
  0.200  1.179E+06   28.0432  9.8647E+04  1.968206340E-028
  0.200  1.252E+06   28.2738  1.0353E+05  1.753229550E-028
  0.200  1.329E+06   28.6511  1.0866E+05  1.364269742E-028
  0.200  1.410E+06   29.0811  1.1405E+05  1.011427943E-028
  0.200  1.494E+06   29.6093  1.1970E+05  6.849400434E-029
  0.200  1.583E+06   30.3596  1.2563E+05  3.780268737E-029
  0.200  1.677E+06   30.6607  1.3185E+05  3.155678724E-029
  0.200  1.775E+06   30.7644  1.3839E+05  3.159547779E-029
  0.200  1.877E+06   30.9205  1.4524E+05  3.014324830E-029
  0.200  1.985E+06   30.9070  1.5244E+05  3.361824160E-029
  0.200  2.098E+06   30.7516  1.5999E+05  4.273183614E-029
  0.200  2.217E+06   30.7385  1.6792E+05  4.763921277E-029
  0.200  2.342E+06   30.8688  1.7624E+05  4.654467539E-029
  0.200  2.473E+06   31.1319  1.8497E+05  4.023593162E-029
  0.200  2.610E+06   31.4463  1.9414E+05  3.317838194E-029
  0.200  2.754E+06   31.7283  2.0375E+05  2.818953671E-029
  0.200  2.906E+06   31.9617  2.1385E+05  2.504405522E-029
  0.200  3.065E+06   32.2199  2.2445E+05  2.174838011E-029
  0.200  3.231E+06   32.5235  2.3557E+05  1.811446063E-029
  0.200  3.406E+06   32.8595  2.4724E+05  1.464234130E-029
  0.200  3.590E+06   33.2257  2.5949E+05  1.151143320E-029
  0.200  3.783E+06   33.5950  2.7234E+05  9.023997999E-030
  0.200  3.985E+06   33.9636  2.8584E+05  7.078919658E-030
  0.200  4.197E+06   34.3355  3.0000E+05  5.536117546E-030

  0.250  5.453E-11   23.0770  2.0000E+04  7.842370209E-028
  0.250  1.485E+04   23.3628  2.0991E+04  6.639599885E-028
  0.250  3.044E+04   23.6580  2.2031E+04  5.572321580E-028
  0.250  4.681E+04   23.9621  2.3123E+04  4.638912193E-028
  0.250  6.398E+04   24.2740  2.4268E+04  3.834056805E-028
  0.250  8.200E+04   24.5927  2.5471E+04  3.149130680E-028
  0.250  1.009E+05   24.9161  2.6733E+04  2.575255918E-028
  0.250  1.208E+05   25.2429  2.8057E+04  2.099420338E-028
  0.250  1.416E+05   25.5705  2.9447E+04  1.710233260E-028
  0.250  1.635E+05   25.8964  3.0906E+04  1.395376260E-028
  0.250  1.864E+05   26.2176  3.2437E+04  1.143500659E-028
  0.250  2.105E+05   26.5299  3.4045E+04  9.447085489E-029
  0.250  2.358E+05   26.8311  3.5731E+04  7.885609309E-029
  0.250  2.623E+05   27.1157  3.7502E+04  6.683749195E-029
  0.250  2.902E+05   27.3816  3.9360E+04  5.763208317E-029
  0.250  3.194E+05   27.6256  4.1310E+04  5.070398251E-029
  0.250  3.501E+05   27.8460  4.3357E+04  4.559172632E-029
  0.250  3.823E+05   28.0421  4.5505E+04  4.192379024E-029
  0.250  4.161E+05   28.2148  4.7759E+04  3.939054889E-029
  0.250  4.516E+05   28.3640  5.0126E+04  3.781907689E-029
  0.250  4.888E+05   28.4923  5.2609E+04  3.701677014E-029
  0.250  5.279E+05   28.6011  5.5216E+04  3.688689360E-029
  0.250  5.689E+05   28.6915  5.7952E+04  3.738742228E-029
  0.250  6.119E+05   28.7641  6.0823E+04  3.851726004E-029
  0.250  6.571E+05   28.8185  6.3837E+04  4.035559418E-029
  0.250  7.045E+05   28.8540  6.6999E+04  4.302626605E-029
  0.250  7.543E+05   28.8645  7.0319E+04  4.693670346E-029
  0.250  8.065E+05   28.8491  7.3803E+04  5.244418187E-029
  0.250  8.613E+05   28.7943  7.7460E+04  6.076106822E-029
  0.250  9.188E+05   28.6973  8.1298E+04  7.318648853E-029
  0.250  9.792E+05   28.5410  8.5326E+04  9.309475766E-029
  0.250  1.043E+06   28.3376  8.9553E+04  1.236768792E-028
  0.250  1.109E+06   28.0887  9.3990E+04  1.713369781E-028
  0.250  1.179E+06   28.0313  9.8647E+04  1.989875233E-028
  0.250  1.252E+06   28.2617  1.0353E+05  1.772801908E-028
  0.250  1.329E+06   28.6389  1.0866E+05  1.379693556E-028
  0.250  1.410E+06   29.0687  1.1405E+05  1.022999091E-028
  0.250  1.494E+06   29.5967  1.1970E+05  6.929396848E-029
  0.250  1.583E+06   30.3465  1.2563E+05  3.826000567E-029
  0.250  1.677E+06   30.6478  1.3185E+05  3.193202087E-029
  0.250  1.775E+06   30.7518  1.3839E+05  3.196204986E-029
  0.250  1.877E+06   30.9081  1.4524E+05  3.048733081E-029
  0.250  1.985E+06   30.8949  1.5244E+05  3.399397174E-029
  0.250  2.098E+06   30.7396  1.5999E+05  4.320523239E-029
  0.250  2.217E+06   30.7266  1.6792E+05  4.816719631E-029
  0.250  2.342E+06   30.8568  1.7624E+05  4.706241790E-029
  0.250  2.473E+06   31.1199  1.8497E+05  4.068519500E-029
  0.250  2.610E+06   31.4343  1.9414E+05  3.354932842E-029
  0.250  2.754E+06   31.7162  2.0375E+05  2.850432444E-029
  0.250  2.906E+06   31.9497  2.1385E+05  2.532333763E-029
  0.250  3.065E+06   32.2079  2.2445E+05  2.199089281E-029
  0.250  3.231E+06   32.5114  2.3557E+05  1.831653210E-029
  0.250  3.406E+06   32.8474  2.4724E+05  1.480575886E-029
  0.250  3.590E+06   33.2137  2.5949E+05  1.163993833E-029
  0.250  3.783E+06   33.5830  2.7234E+05  9.124715234E-030
  0.250  3.985E+06   33.9516  2.8584E+05  7.157871678E-030
  0.250  4.197E+06   34.3235  3.0000E+05  5.597813651E-030

  0.300  5.453E-11   23.8915  2.0000E+04  3.703711253E-028
  0.300  1.485E+04   24.1280  2.0991E+04  3.281342452E-028
  0.300  3.044E+04   24.3735  2.2031E+04  2.883059462E-028
  0.300  4.681E+04   24.6273  2.3123E+04  2.513822635E-028
  0.300  6.398E+04   24.8888  2.4268E+04  2.176414325E-028
  0.300  8.200E+04   25.1570  2.5471E+04  1.872695394E-028
  0.300  1.009E+05   25.4303  2.6733E+04  1.603790269E-028
  0.300  1.208E+05   25.7074  2.8057E+04  1.368650394E-028
  0.300  1.416E+05   25.9863  2.9447E+04  1.166078963E-028
  0.300  1.635E+05   26.2650  3.0906E+04  9.937501428E-029
  0.300  1.864E+05   26.5403  3.2437E+04  8.494387377E-029
  0.300  2.105E+05   26.8092  3.4045E+04  7.304676200E-029
  0.300  2.358E+05   27.0697  3.5731E+04  6.330104155E-029
  0.300  2.623E+05   27.3168  3.7502E+04  5.553617744E-029
  0.300  2.902E+05   27.5488  3.9360E+04  4.940480168E-029
  0.300  3.194E+05   27.7631  4.1310E+04  4.467154254E-029
  0.300  3.501E+05   27.9578  4.3357E+04  4.113243676E-029
  0.300  3.823E+05   28.1321  4.5505E+04  3.858788712E-029
  0.300  4.161E+05   28.2868  4.7759E+04  3.686284450E-029
  0.300  4.516E+05   28.4212  5.0126E+04  3.587616338E-029
  0.300  4.888E+05   28.5377  5.2609E+04  3.549988160E-029
  0.300  5.279E+05   28.6372  5.5216E+04  3.568154067E-029
  0.300  5.689E+05   28.7203  5.7952E+04  3.640892805E-029
  0.300  6.119E+05   28.7874  6.0823E+04  3.770104005E-029
  0.300  6.571E+05   28.8377  6.3837E+04  3.964919338E-029
  0.300  7.045E+05   28.8702  6.6999E+04  4.238636874E-029
  0.300  7.543E+05   28.8788  7.0319E+04  4.632249401E-029
  0.300  8.065E+05   28.8621  7.3803E+04  5.181707770E-029
  0.300  8.613E+05   28.8066  7.7460E+04  6.007433309E-029
  0.300  9.188E+05   28.7092  8.1298E+04  7.238429294E-029
  0.300  9.792E+05   28.5528  8.5326E+04  9.208866787E-029
  0.300  1.043E+06   28.3494  8.9553E+04  1.223466521E-028
  0.300  1.109E+06   28.1005  9.3990E+04  1.694906121E-028
  0.300  1.179E+06   28.0432  9.8647E+04  1.968206340E-028
  0.300  1.252E+06   28.2738  1.0353E+05  1.753229550E-028
  0.300  1.329E+06   28.6511  1.0866E+05  1.364269742E-028
  0.300  1.410E+06   29.0811  1.1405E+05  1.011427943E-028
  0.300  1.494E+06   29.6093  1.1970E+05  6.849400434E-029
  0.300  1.583E+06   30.3596  1.2563E+05  3.780268737E-029
  0.300  1.677E+06   30.6607  1.3185E+05  3.155678724E-029
  0.300  1.775E+06   30.7644  1.3839E+05  3.159547779E-029
  0.300  1.877E+06   30.9205  1.4524E+05  3.014324830E-029
  0.300  1.985E+06   30.9070  1.5244E+05  3.361824160E-029
  0.300  2.098E+06   30.7516  1.5999E+05  4.273183614E-029
  0.300  2.217E+06   30.7385  1.6792E+05  4.763921277E-029
  0.300  2.342E+06   30.8688  1.7624E+05  4.654467539E-029
  0.300  2.473E+06   31.1319  1.8497E+05  4.023593162E-029
  0.300  2.610E+06   31.4463  1.9414E+05  3.317838194E-029
  0.300  2.754E+06   31.7283  2.0375E+05  2.818953671E-029
  0.300  2.906E+06   31.9617  2.1385E+05  2.504405522E-029
  0.300  3.065E+06   32.2199  2.2445E+05  2.174838011E-029
  0.300  3.231E+06   32.5235  2.3557E+05  1.811446063E-029
  0.300  3.406E+06   32.8595  2.4724E+05  1.464234130E-029
  0.300  3.590E+06   33.2257  2.5949E+05  1.151143320E-029
  0.300  3.783E+06   33.5950  2.7234E+05  9.023997999E-030
  0.300  3.985E+06   33.9636  2.8584E+05  7.078919658E-030
  0.300  4.197E+06   34.3355  3.0000E+05  5.536117546E-030

  0.350  5.453E-11   24.3662  2.0000E+04  2.392087828E-028
  0.350  1.485E+04   24.5546  2.0991E+04  2.215051105E-028
  0.350  3.044E+04   24.7546  2.2031E+04  2.029654135E-028
  0.350  4.681E+04   24.9652  2.3123E+04  1.841528848E-028
  0.350  6.398E+04   25.1862  2.4268E+04  1.654832514E-028
  0.350  8.200E+04   25.4169  2.5471E+04  1.473981765E-028
  0.350  1.009E+05   25.6560  2.6733E+04  1.302762843E-028
  0.350  1.208E+05   25.9023  2.8057E+04  1.143771893E-028
  0.350  1.416E+05   26.1541  2.9447E+04  9.990973756E-029
  0.350  1.635E+05   26.4097  3.0906E+04  8.697387642E-029
  0.350  1.864E+05   26.6657  3.2437E+04  7.568012067E-029
  0.350  2.105E+05   26.9191  3.4045E+04  6.601499000E-029
  0.350  2.358E+05   27.1676  3.5731E+04  5.784128947E-029
  0.350  2.623E+05   27.4057  3.7502E+04  5.116663758E-029
  0.350  2.902E+05   27.6309  3.9360E+04  4.580593561E-029
  0.350  3.194E+05   27.8398  4.1310E+04  4.162563657E-029
  0.350  3.501E+05   28.0293  4.3357E+04  3.850850141E-029
  0.350  3.823E+05   28.1983  4.5505E+04  3.630626857E-029
  0.350  4.161E+05   28.3468  4.7759E+04  3.487899418E-029
  0.350  4.516E+05   28.4744  5.0126E+04  3.416327763E-029
  0.350  4.888E+05   28.5833  5.2609E+04  3.403945977E-029
  0.350  5.279E+05   28.6751  5.5216E+04  3.445616832E-029
  0.350  5.689E+05   28.7509  5.7952E+04  3.539713776E-029
  0.350  6.119E+05   28.8114  6.0823E+04  3.687685599E-029
  0.350  6.571E+05   28.8561  6.3837E+04  3.898203403E-029
  0.350  7.045E+05   28.8843  6.6999E+04  4.184163970E-029
  0.350  7.543E+05   28.8897  7.0319E+04  4.586281314E-029
  0.350  8.065E+05   28.8708  7.3803E+04  5.140440368E-029
  0.350  8.613E+05   28.8140  7.7460E+04  5.966729341E-029
  0.350  9.188E+05   28.7159  8.1298E+04  7.193995221E-029
  0.350  9.792E+05   28.5592  8.5326E+04  9.154988512E-029
  0.350  1.043E+06   28.3557  8.9553E+04  1.216402487E-028
  0.350  1.109E+06   28.1069  9.3990E+04  1.684933834E-028
  0.350  1.179E+06   28.0500  9.8647E+04  1.955985881E-028
  0.350  1.252E+06   28.2809  1.0353E+05  1.741718393E-028
  0.350  1.329E+06   28.6586  1.0866E+05  1.354918021E-028
  0.350  1.410E+06   29.0888  1.1405E+05  1.004207035E-028
  0.350  1.494E+06   29.6176  1.1970E+05  6.796856054E-029
  0.350  1.583E+06   30.3691  1.2563E+05  3.747351340E-029
  0.350  1.677E+06   30.6697  1.3185E+05  3.129518909E-029
  0.350  1.775E+06   30.7726  1.3839E+05  3.135531261E-029
  0.350  1.877E+06   30.9282  1.4524E+05  2.992799999E-029
  0.350  1.985E+06   30.9141  1.5244E+05  3.339823287E-029
  0.350  2.098E+06   30.7584  1.5999E+05  4.246206955E-029
  0.350  2.217E+06   30.7455  1.6792E+05  4.733709584E-029
  0.350  2.342E+06   30.8758  1.7624E+05  4.624440059E-029
  0.350  2.473E+06   31.1391  1.8497E+05  3.997230265E-029
  0.350  2.610E+06   31.4535  1.9414E+05  3.296008500E-029
  0.350  2.754E+06   31.7354  2.0375E+05  2.800525529E-029
  0.350  2.906E+06   31.9688  2.1385E+05  2.488141390E-029
  0.350  3.065E+06   32.2270  2.2445E+05  2.160728480E-029
  0.350  3.231E+06   32.5305  2.3557E+05  1.799686066E-029
  0.350  3.406E+06   32.8666  2.4724E+05  1.454721053E-029
  0.350  3.590E+06   33.2328  2.5949E+05  1.143666608E-029
  0.350  3.783E+06   33.6021  2.7234E+05  8.965509627E-030
  0.350  3.985E+06   33.9707  2.8584E+05  7.033221132E-030
  0.350  4.197E+06   34.3425  3.0000E+05  5.500530827E-030

  0.400  5.453E-11   24.8668  2.0000E+04  1.508437161E-028
  0.400  1.485E+04   25.0231  2.0991E+04  1.438749020E-028
  0.400  3.044E+04   25.1855  2.2031E+04  1.364789475E-028
  0.400  4.681E+04   25.3538  2.3123E+04  1.287495043E-028
  0.400  6.398E+04   25.5283  2.4268E+04  1.207587767E-028
  0.400  8.200E+04   25.7094  2.5471E+04  1.125929606E-028
  0.400  1.009E+05   25.8969  2.6733E+04  1.043511744E-028
  0.400  1.208E+05   26.0909  2.8057E+04  9.613674074E-029
  0.400  1.416E+05   26.2914  2.9447E+04  8.804481041E-029
  0.400  1.635E+05   26.4980  3.0906E+04  8.018374492E-029
  0.400  1.864E+05   26.7089  3.2437E+04  7.273090043E-029
  0.400  2.105E+05   26.9229  3.4045E+04  6.578220630E-029
  0.400  2.358E+05   27.1391  3.5731E+04  5.937736917E-029
  0.400  2.623E+05   27.3535  3.7502E+04  5.369094259E-029
  0.400  2.902E+05   27.5635  3.9360E+04  4.873895438E-029
  0.400  3.194E+05   27.7663  4.1310E+04  4.454305667E-029
  0.400  3.501E+05   27.9572  4.3357E+04  4.115420801E-029
  0.400  3.823E+05   28.1336  4.5505E+04  3.853640053E-029
  0.400  4.161E+05   28.2930  4.7759E+04  3.665086635E-029
  0.400  4.516E+05   28.4328  5.0126E+04  3.549467586E-029
  0.400  4.888E+05   28.5534  5.2609E+04  3.498861635E-029
  0.400  5.279E+05   28.6551  5.5216E+04  3.509843037E-029
  0.400  5.689E+05   28.7383  5.7952E+04  3.581027021E-029
  0.400  6.119E+05   28.8040  6.0823E+04  3.713016710E-029
  0.400  6.571E+05   28.8520  6.3837E+04  3.913136214E-029
  0.400  7.045E+05   28.8821  6.6999E+04  4.192696374E-029
  0.400  7.543E+05   28.8885  7.0319E+04  4.591028415E-029
  0.400  8.065E+05   28.8703  7.3803E+04  5.142886211E-029
  0.400  8.613E+05   28.8138  7.7460E+04  5.967639510E-029
  0.400  9.188E+05   28.7159  8.1298E+04  7.193829613E-029
  0.400  9.792E+05   28.5593  8.5326E+04  9.154023074E-029
  0.400  1.043E+06   28.3558  8.9553E+04  1.216205185E-028
  0.400  1.109E+06   28.1073  9.3990E+04  1.684390308E-028
  0.400  1.179E+06   28.0507  9.8647E+04  1.954710028E-028
  0.400  1.252E+06   28.2820  1.0353E+05  1.740082685E-028
  0.400  1.329E+06   28.6598  1.0866E+05  1.353439235E-028
  0.400  1.410E+06   29.0902  1.1405E+05  1.002898391E-028
  0.400  1.494E+06   29.6195  1.1970E+05  6.784986027E-029
  0.400  1.583E+06   30.3723  1.2563E+05  3.736225164E-029
  0.400  1.677E+06   30.6729  1.3185E+05  3.120312096E-029
  0.400  1.775E+06   30.7752  1.3839E+05  3.128192323E-029
  0.400  1.877E+06   30.9303  1.4524E+05  2.987156168E-029
  0.400  1.985E+06   30.9155  1.5244E+05  3.335742253E-029
  0.400  2.098E+06   30.7595  1.5999E+05  4.242139029E-029
  0.400  2.217E+06   30.7465  1.6792E+05  4.728981414E-029
  0.400  2.342E+06   30.8770  1.7624E+05  4.619202750E-029
  0.400  2.473E+06   31.1404  1.8497E+05  3.992230085E-029
  0.400  2.610E+06   31.4549  1.9414E+05  3.291785420E-029
  0.400  2.754E+06   31.7367  2.0375E+05  2.797078515E-029
  0.400  2.906E+06   31.9701  2.1385E+05  2.485204009E-029
  0.400  3.065E+06   32.2283  2.2445E+05  2.158195678E-029
  0.400  3.231E+06   32.5318  2.3557E+05  1.797570062E-029
  0.400  3.406E+06   32.8679  2.4724E+05  1.453004423E-029
  0.400  3.590E+06   33.2341  2.5949E+05  1.142321565E-029
  0.400  3.783E+06   33.6034  2.7234E+05  8.955118658E-030
  0.400  3.985E+06   33.9719  2.8584E+05  7.025288354E-030
  0.400  4.197E+06   34.3437  3.0000E+05  5.494509263E-030

  0.450  5.453E-11   24.8317  2.0000E+04  1.557956265E-028
  0.450  1.485E+04   25.0025  2.0991E+04  1.466335291E-028
  0.450  3.044E+04   25.1774  2.2031E+04  1.374951341E-028
  0.450  4.681E+04   25.3558  2.3123E+04  1.285063331E-028
  0.450  6.398E+04   25.5374  2.4268E+04  1.197536359E-028
  0.450  8.200E+04   25.7217  2.5471E+04  1.113195765E-028
  0.450  1.009E+05   25.9084  2.6733E+04  1.032548369E-028
  0.450  1.208E+05   26.0969  2.8057E+04  9.560860154E-029
  0.450  1.416E+05   26.2874  2.9447E+04  8.837223938E-029
  0.450  1.635E+05   26.4795  3.0906E+04  8.156125016E-029
  0.450  1.864E+05   26.6723  3.2437E+04  7.522606564E-029
  0.450  2.105E+05   26.8652  3.4045E+04  6.937485254E-029
  0.450  2.358E+05   27.0590  3.5731E+04  6.392861185E-029
  0.450  2.623E+05   27.2509  3.7502E+04  5.900731711E-029
  0.450  2.902E+05   27.4409  3.9360E+04  5.456533184E-029
  0.450  3.194E+05   27.6275  4.1310E+04  5.061525441E-029
  0.450  3.501E+05   27.8081  4.3357E+04  4.721141043E-029
  0.450  3.823E+05   27.9810  4.5505E+04  4.435091291E-029
  0.450  4.161E+05   28.1441  4.7759E+04  4.204071883E-029
  0.450  4.516E+05   28.2941  5.0126E+04  4.033164320E-029
  0.450  4.888E+05   28.4300  5.2609E+04  3.920046038E-029
  0.450  5.279E+05   28.5500  5.5216E+04  3.866269870E-029
  0.450  5.689E+05   28.6527  5.7952E+04  3.874557449E-029
  0.450  6.119E+05   28.7372  6.0823E+04  3.948648787E-029
  0.450  6.571E+05   28.8019  6.3837E+04  4.097862613E-029
  0.450  7.045E+05   28.8459  6.6999E+04  4.334649763E-029
  0.450  7.543E+05   28.8633  7.0319E+04  4.698847354E-029
  0.450  8.065E+05   28.8531  7.3803E+04  5.225198560E-029
  0.450  8.613E+05   28.8020  7.7460E+04  6.033231278E-029
  0.450  9.188E+05   28.7073  8.1298E+04  7.251563018E-029
  0.450  9.792E+05   28.5522  8.5326E+04  9.214072308E-029
  0.450  1.043E+06   28.3493  8.9553E+04  1.223519158E-028
  0.450  1.109E+06   28.1009  9.3990E+04  1.694238277E-028
  0.450  1.179E+06   28.0444  9.8647E+04  1.966089876E-028
  0.450  1.252E+06   28.2754  1.0353E+05  1.750542693E-028
  0.450  1.329E+06   28.6528  1.0866E+05  1.362152594E-028
  0.450  1.410E+06   29.0830  1.1405E+05  1.009576693E-028
  0.450  1.494E+06   29.6120  1.1970E+05  6.831957230E-029
  0.450  1.583E+06   30.3655  1.2563E+05  3.759699241E-029
  0.450  1.677E+06   30.6676  1.3185E+05  3.135749899E-029
  0.450  1.775E+06   30.7702  1.3839E+05  3.142652397E-029
  0.450  1.877E+06   30.9253  1.4524E+05  3.000853182E-029
  0.450  1.985E+06   30.9102  1.5244E+05  3.351807496E-029
  0.450  2.098E+06   30.7542  1.5999E+05  4.263036400E-029
  0.450  2.217E+06   30.7413  1.6792E+05  4.752026336E-029
  0.450  2.342E+06   30.8719  1.7624E+05  4.641242735E-029
  0.450  2.473E+06   31.1354  1.8497E+05  4.010954762E-029
  0.450  2.610E+06   31.4498  1.9414E+05  3.307146830E-029
  0.450  2.754E+06   31.7316  2.0375E+05  2.810196352E-029
  0.450  2.906E+06   31.9650  2.1385E+05  2.496917363E-029
  0.450  3.065E+06   32.2232  2.2445E+05  2.168367161E-029
  0.450  3.231E+06   32.5267  2.3557E+05  1.806032986E-029
  0.450  3.406E+06   32.8628  2.4724E+05  1.459839487E-029
  0.450  3.590E+06   33.2290  2.5949E+05  1.147697110E-029
  0.450  3.783E+06   33.5983  2.7234E+05  8.997344323E-030
  0.450  3.985E+06   33.9668  2.8584E+05  7.058541314E-030
  0.450  4.197E+06   34.3386  3.0000E+05  5.520621292E-030

  0.500  5.453E-11   24.4357  2.0000E+04  2.243773995E-028
  0.500  1.485E+04   24.6126  2.0991E+04  2.099832695E-028
  0.500  3.044E+04   24.7939  2.2031E+04  1.957456793E-028
  0.500  4.681E+04   24.9789  2.3123E+04  1.818386681E-028
  0.500  6.398E+04   25.1674  2.4268E+04  1.683762856E-028
  0.500  8.200E+04   25.3589  2.5471E+04  1.554854800E-028
  0.500  1.009E+05   25.5528  2.6733E+04  1.432585417E-028
  0.500  1.208E+05   25.7487  2.8057E+04  1.317617844E-028
  0.500  1.416E+05   25.9460  2.9447E+04  1.210229960E-028
  0.500  1.635E+05   26.1442  3.0906E+04  1.110723233E-028
  0.500  1.864E+05   26.3421  3.2437E+04  1.019581519E-028
  0.500  2.105E+05   26.5391  3.4045E+04  9.368012059E-029
  0.500  2.358E+05   26.7354  3.5731E+04  8.612388884E-029
  0.500  2.623E+05   26.9290  3.7502E+04  7.937687402E-029
  0.500  2.902E+05   27.1201  3.9360E+04  7.332073734E-029
  0.500  3.194E+05   27.3083  4.1310E+04  6.791640650E-029
  0.500  3.501E+05   27.4924  4.3357E+04  6.314511401E-029
  0.500  3.823E+05   27.6719  4.5505E+04  5.895532893E-029
  0.500  4.161E+05   27.8463  4.7759E+04  5.530612174E-029
  0.500  4.516E+05   28.0135  5.0126E+04  5.222785549E-029
  0.500  4.888E+05   28.1725  5.2609E+04  4.969391209E-029
  0.500  5.279E+05   28.3212  5.5216E+04  4.773539464E-029
  0.500  5.689E+05   28.4567  5.7952E+04  4.641088238E-029
  0.500  6.119E+05   28.5762  6.0823E+04  4.579785985E-029
  0.500  6.571E+05   28.6756  6.3837E+04  4.603298599E-029
  0.500  7.045E+05   28.7516  6.6999E+04  4.728114667E-029
  0.500  7.543E+05   28.7964  7.0319E+04  4.997449429E-029
  0.500  8.065E+05   28.8076  7.3803E+04  5.448395501E-029
  0.500  8.613E+05   28.7719  7.7460E+04  6.202670306E-029
  0.500  9.188E+05   28.6867  8.1298E+04  7.389970924E-029
  0.500  9.792E+05   28.5366  8.5326E+04  9.347631865E-029
  0.500  1.043E+06   28.3355  8.9553E+04  1.239208020E-028
  0.500  1.109E+06   28.0872  9.3990E+04  1.715748968E-028
  0.500  1.179E+06   28.0300  9.8647E+04  1.992310637E-028
  0.500  1.252E+06   28.2599  1.0353E+05  1.775714463E-028
  0.500  1.329E+06   28.6358  1.0866E+05  1.383643376E-028
  0.500  1.410E+06   29.0650  1.1405E+05  1.026479142E-028
  0.500  1.494E+06   29.5924  1.1970E+05  6.956942385E-029
  0.500  1.583E+06   30.3450  1.2563E+05  3.831391486E-029
  0.500  1.677E+06   30.6510  1.3185E+05  3.183806616E-029
  0.500  1.775E+06   30.7560  1.3839E+05  3.183860578E-029
  0.500  1.877E+06   30.9123  1.4524E+05  3.036926130E-029
  0.500  1.985E+06   30.8981  1.5244E+05  3.389534088E-029
  0.500  2.098E+06   30.7423  1.5999E+05  4.309892656E-029
  0.500  2.217E+06   30.7295  1.6792E+05  4.803847842E-029
  0.500  2.342E+06   30.8601  1.7624E+05  4.691702987E-029
  0.500  2.473E+06   31.1236  1.8497E+05  4.054539715E-029
  0.500  2.610E+06   31.4381  1.9414E+05  3.343021180E-029
  0.500  2.754E+06   31.7200  2.0375E+05  2.840554161E-029
  0.500  2.906E+06   31.9534  2.1385E+05  2.523782635E-029
  0.500  3.065E+06   32.2116  2.2445E+05  2.191643061E-029
  0.500  3.231E+06   32.5151  2.3557E+05  1.825395170E-029
  0.500  3.406E+06   32.8512  2.4724E+05  1.475478283E-029
  0.500  3.590E+06   33.2174  2.5949E+05  1.159983668E-029
  0.500  3.783E+06   33.5867  2.7234E+05  9.093569292E-030
  0.500  3.985E+06   33.9552  2.8584E+05  7.133940926E-030
  0.500  4.197E+06   34.3271  3.0000E+05  5.579520971E-030

  0.550  5.453E-11   23.8653  2.0000E+04  3.794139682E-028
  0.550  1.485E+04   24.0398  2.0991E+04  3.559098560E-028
  0.550  3.044E+04   24.2185  2.2031E+04  3.325340205E-028
  0.550  4.681E+04   24.4012  2.3123E+04  3.095780338E-028
  0.550  6.398E+04   24.5875  2.4268E+04  2.872533692E-028
  0.550  8.200E+04   24.7768  2.5471E+04  2.657814045E-028
  0.550  1.009E+05   24.9687  2.6733E+04  2.453392374E-028
  0.550  1.208E+05   25.1626  2.8057E+04  2.260563912E-028
  0.550  1.416E+05   25.3580  2.9447E+04  2.079999281E-028
  0.550  1.635E+05   25.5544  3.0906E+04  1.912164331E-028
  0.550  1.864E+05   25.7510  3.2437E+04  1.757336420E-028
  0.550  2.105E+05   25.9476  3.4045E+04  1.615202176E-028
  0.550  2.358E+05   26.1446  3.5731E+04  1.484053109E-028
  0.550  2.623E+05   26.3410  3.7502E+04  1.364171397E-028
  0.550  2.902E+05   26.5378  3.9360E+04  1.253609023E-028
  0.550  3.194E+05   26.7351  4.1310E+04  1.151438882E-028
  0.550  3.501E+05   26.9331  4.3357E+04  1.056896601E-028
  0.550  3.823E+05   27.1322  4.5505E+04  9.692054660E-029
  0.550  4.161E+05   27.3325  4.7759E+04  8.878044120E-029
  0.550  4.516E+05   27.5329  5.0126E+04  8.131068051E-029
  0.550  4.888E+05   27.7325  5.2609E+04  7.452291791E-029
  0.550  5.279E+05   27.9291  5.5216E+04  6.849336051E-029
  0.550  5.689E+05   28.1191  5.7952E+04  6.334086043E-029
  0.550  6.119E+05   28.2974  6.0823E+04  5.920252077E-029
  0.550  6.571E+05   28.4576  6.3837E+04  5.627129200E-029
  0.550  7.045E+05   28.5922  6.6999E+04  5.475463163E-029
  0.550  7.543E+05   28.6903  7.0319E+04  5.510737181E-029
  0.550  8.065E+05   28.7453  7.3803E+04  5.770634573E-029
  0.550  8.613E+05   28.7421  7.7460E+04  6.375256242E-029
  0.550  9.188E+05   28.6779  8.1298E+04  7.450422941E-029
  0.550  9.792E+05   28.5387  8.5326E+04  9.329102931E-029
  0.550  1.043E+06   28.3416  8.9553E+04  1.232216666E-028
  0.550  1.109E+06   28.0933  9.3990E+04  1.706119152E-028
  0.550  1.179E+06   28.0342  9.8647E+04  1.984486739E-028
  0.550  1.252E+06   28.2620  1.0353E+05  1.772345593E-028
  0.550  1.329E+06   28.6353  1.0866E+05  1.384328980E-028
  0.550  1.410E+06   29.0627  1.1405E+05  1.028706197E-028
  0.550  1.494E+06   29.5868  1.1970E+05  6.992665122E-029
  0.550  1.583E+06   30.3367  1.2563E+05  3.860910119E-029
  0.550  1.677E+06   30.6500  1.3185E+05  3.186815576E-029
  0.550  1.775E+06   30.7602  1.3839E+05  3.171761335E-029
  0.550  1.877E+06   30.9193  1.4524E+05  3.017668638E-029
  0.550  1.985E+06   30.9073  1.5244E+05  3.360801338E-029
  0.550  2.098E+06   30.7524  1.5999E+05  4.270040528E-029
  0.550  2.217E+06   30.7397  1.6792E+05  4.758823997E-029
  0.550  2.342E+06   30.8703  1.7624E+05  4.647959241E-029
  0.550  2.473E+06   31.1337  1.8497E+05  4.017005135E-029
  0.550  2.610E+06   31.4483  1.9414E+05  3.311932856E-029
  0.550  2.754E+06   31.7303  2.0375E+05  2.813703074E-029
  0.550  2.906E+06   31.9638  2.1385E+05  2.499567496E-029
  0.550  3.065E+06   32.2221  2.2445E+05  2.170459178E-029
  0.550  3.231E+06   32.5257  2.3557E+05  1.807676447E-029
  0.550  3.406E+06   32.8618  2.4724E+05  1.461110651E-029
  0.550  3.590E+06   33.2281  2.5949E+05  1.148647272E-029
  0.550  3.783E+06   33.5974  2.7234E+05  9.004250077E-030
  0.550  3.985E+06   33.9660  2.8584E+05  7.063424791E-030
  0.550  4.197E+06   34.3379  3.0000E+05  5.524022503E-030

  0.600  5.453E-11   23.1738  2.0000E+04  7.173447916E-028
  0.600  1.485E+04   23.3329  2.0991E+04  6.824893570E-028
  0.600  3.044E+04   23.4954  2.2031E+04  6.472730147E-028
  0.600  4.681E+04   23.6610  2.3123E+04  6.121332016E-028
  0.600  6.398E+04   23.8294  2.4268E+04  5.774002046E-028
  0.600  8.200E+04   24.0004  2.5471E+04  5.433798569E-028
  0.600  1.009E+05   24.1737  2.6733E+04  5.102390413E-028
  0.600  1.208E+05   24.3494  2.8057E+04  4.780944915E-028
  0.600  1.416E+05   24.5277  2.9447E+04  4.468817532E-028
  0.600  1.635E+05   24.7090  3.0906E+04  4.165672027E-028
  0.600  1.864E+05   24.8938  3.2437E+04  3.870445664E-028
  0.600  2.105E+05   25.0829  3.4045E+04  3.581816178E-028
  0.600  2.358E+05   25.2774  3.5731E+04  3.298464052E-028
  0.600  2.623E+05   25.4780  3.7502E+04  3.020510708E-028
  0.600  2.902E+05   25.6855  3.9360E+04  2.748378568E-028
  0.600  3.194E+05   25.9010  4.1310E+04  2.482486708E-028
  0.600  3.501E+05   26.1246  4.3357E+04  2.225589558E-028
  0.600  3.823E+05   26.3569  4.5505E+04  1.979462800E-028
  0.600  4.161E+05   26.5976  4.7759E+04  1.746801228E-028
  0.600  4.516E+05   26.8461  5.0126E+04  1.530573571E-028
  0.600  4.888E+05   27.1010  5.2609E+04  1.333186975E-028
  0.600  5.279E+05   27.3600  5.5216E+04  1.156894257E-028
  0.600  5.689E+05   27.6192  5.7952E+04  1.003730147E-028
  0.600  6.119E+05   27.8730  6.0823E+04  8.752399719E-029
  0.600  6.571E+05   28.1129  6.3837E+04  7.729853818E-029
  0.600  7.045E+05   28.3284  6.6999E+04  6.981951898E-029
  0.600  7.543E+05   28.5039  7.0319E+04  6.542832007E-029
  0.600  8.065E+05   28.6266  7.3803E+04  6.436972667E-029
  0.600  8.613E+05   28.6766  7.7460E+04  6.771776308E-029
  0.600  9.188E+05   28.6479  8.1298E+04  7.658997827E-029
  0.600  9.792E+05   28.5279  8.5326E+04  9.422996871E-029
  0.600  1.043E+06   28.3378  8.9553E+04  1.236627039E-028
  0.600  1.109E+06   28.0893  9.3990E+04  1.712428252E-028
  0.600  1.179E+06   28.0273  9.8647E+04  1.997281387E-028
  0.600  1.252E+06   28.2520  1.0353E+05  1.788673814E-028
  0.600  1.329E+06   28.6221  1.0866E+05  1.401287782E-028
  0.600  1.410E+06   29.0472  1.1405E+05  1.043417996E-028
  0.600  1.494E+06   29.5671  1.1970E+05  7.120642162E-029
  0.600  1.583E+06   30.3126  1.2563E+05  3.947340602E-029
  0.600  1.677E+06   30.6361  1.3185E+05  3.227925687E-029
  0.600  1.775E+06   30.7540  1.3839E+05  3.189963436E-029
  0.600  1.877E+06   30.9173  1.4524E+05  3.023068108E-029
  0.600  1.985E+06   30.9092  1.5244E+05  3.355168669E-029
  0.600  2.098E+06   30.7556  1.5999E+05  4.257373625E-029
  0.600  2.217E+06   30.7432  1.6792E+05  4.743748661E-029
  0.600  2.342E+06   30.8737  1.7624E+05  4.633672167E-029
  0.600  2.473E+06   31.1369  1.8497E+05  4.005115013E-029
  0.600  2.610E+06   31.4516  1.9414E+05  3.301897462E-029
  0.600  2.754E+06   31.7339  2.0375E+05  2.804465327E-029
  0.600  2.906E+06   31.9677  2.1385E+05  2.490775259E-029
  0.600  3.065E+06   32.2261  2.2445E+05  2.162574026E-029
  0.600  3.231E+06   32.5297  2.3557E+05  1.800989428E-029
  0.600  3.406E+06   32.8659  2.4724E+05  1.455633542E-029
  0.600  3.590E+06   33.2322  2.5949E+05  1.144276508E-029
  0.600  3.783E+06   33.6016  2.7234E+05  8.969271359E-030
  0.600  3.985E+06   33.9703  2.8584E+05  7.035270754E-030
  0.600  4.197E+06   34.3424  3.0000E+05  5.501448952E-030

  0.650  5.453E-11   22.2674  2.0000E+04  1.653023834E-027
  0.650  1.485E+04   22.3847  2.0991E+04  1.634438267E-027
  0.650  3.044E+04   22.5071  2.2031E+04  1.608477076E-027
  0.650  4.681E+04   22.6358  2.3123E+04  1.573727406E-027
  0.650  6.398E+04   22.7719  2.4268E+04  1.529357750E-027
  0.650  8.200E+04   22.9161  2.5471E+04  1.475078023E-027
  0.650  1.009E+05   23.0695  2.6733E+04  1.410786902E-027
  0.650  1.208E+05   23.2326  2.8057E+04  1.337231832E-027
  0.650  1.416E+05   23.4062  2.9447E+04  1.255371749E-027
  0.650  1.635E+05   23.5909  3.0906E+04  1.166511584E-027
  0.650  1.864E+05   23.7870  3.2437E+04  1.072676936E-027
  0.650  2.105E+05   23.9952  3.4045E+04  9.753842844E-028
  0.650  2.358E+05   24.2154  3.5731E+04  8.772352105E-028
  0.650  2.623E+05   24.4484  3.7502E+04  7.796835223E-028
  0.650  2.902E+05   24.6936  3.9360E+04  6.852444555E-028
  0.650  3.194E+05   24.9517  4.1310E+04  5.951160486E-028
  0.650  3.501E+05   25.2220  4.3357E+04  5.110824683E-028
  0.650  3.823E+05   25.5046  4.5505E+04  4.339490535E-028
  0.650  4.161E+05   25.7989  4.7759E+04  3.645462831E-028
  0.650  4.516E+05   26.1040  5.0126E+04  3.031759965E-028
  0.650  4.888E+05   26.4187  5.2609E+04  2.499259400E-028
  0.650  5.279E+05   26.7410  5.5216E+04  2.045956381E-028
  0.650  5.689E+05   27.0677  5.7952E+04  1.668158702E-028
  0.650  6.119E+05   27.3936  6.0823E+04  1.360989937E-028
  0.650  6.571E+05   27.7108  6.3837E+04  1.119389654E-028
  0.650  7.045E+05   28.0077  6.6999E+04  9.380400846E-029
  0.650  7.543E+05   28.2660  7.0319E+04  8.145311829E-029
  0.650  8.065E+05   28.4665  7.3803E+04  7.459661188E-029
  0.650  8.613E+05   28.5818  7.7460E+04  7.389628218E-029
  0.650  9.188E+05   28.5992  8.1298E+04  8.010247154E-029
  0.650  9.792E+05   28.5048  8.5326E+04  9.625386400E-029
  0.650  1.043E+06   28.3242  8.9553E+04  1.252166908E-028
  0.650  1.109E+06   28.0756  9.3990E+04  1.734167190E-028
  0.650  1.179E+06   28.0100  9.8647E+04  2.029276782E-028
  0.650  1.252E+06   28.2318  1.0353E+05  1.822317818E-028
  0.650  1.329E+06   28.5988  1.0866E+05  1.431660361E-028
  0.650  1.410E+06   29.0221  1.1405E+05  1.067906867E-028
  0.650  1.494E+06   29.5377  1.1970E+05  7.316339474E-029
  0.650  1.583E+06   30.2785  1.2563E+05  4.073406788E-029
  0.650  1.677E+06   30.6130  1.3185E+05  3.297433247E-029
  0.650  1.775E+06   30.7396  1.3839E+05  3.232567446E-029
  0.650  1.877E+06   30.9078  1.4524E+05  3.049560499E-029
  0.650  1.985E+06   30.9041  1.5244E+05  3.370864084E-029
  0.650  2.098E+06   30.7522  1.5999E+05  4.270707001E-029
  0.650  2.217E+06   30.7400  1.6792E+05  4.757425691E-029
  0.650  2.342E+06   30.8704  1.7624E+05  4.647483832E-029
  0.650  2.473E+06   31.1336  1.8497E+05  4.017513671E-029
  0.650  2.610E+06   31.4483  1.9414E+05  3.311799428E-029
  0.650  2.754E+06   31.7309  2.0375E+05  2.812025694E-029
  0.650  2.906E+06   31.9650  2.1385E+05  2.496795612E-029
  0.650  3.065E+06   32.2236  2.2445E+05  2.167498597E-029
  0.650  3.231E+06   32.5274  2.3557E+05  1.804941313E-029
  0.650  3.406E+06   32.8636  2.4724E+05  1.458735998E-029
  0.650  3.590E+06   33.2300  2.5949E+05  1.146635005E-029
  0.650  3.783E+06   33.5995  2.7234E+05  8.986909610E-030
  0.650  3.985E+06   33.9683  2.8584E+05  7.048271355E-030
  0.650  4.197E+06   34.3405  3.0000E+05  5.510973745E-030

  0.700  5.453E-11   20.9092  2.0000E+04  5.775206064E-027
  0.700  1.485E+04   21.0584  2.0991E+04  5.544842927E-027
  0.700  3.044E+04   21.2135  2.2031E+04  5.294936167E-027
  0.700  4.681E+04   21.3760  2.3123E+04  5.021757014E-027
  0.700  6.398E+04   21.5476  2.4268E+04  4.723138178E-027
  0.700  8.200E+04   21.7293  2.5471E+04  4.400941092E-027
  0.700  1.009E+05   21.9221  2.6733E+04  4.058937475E-027
  0.700  1.208E+05   22.1268  2.8057E+04  3.702803082E-027
  0.700  1.416E+05   22.3437  2.9447E+04  3.340306929E-027
  0.700  1.635E+05   22.5733  3.0906E+04  2.978089479E-027
  0.700  1.864E+05   22.8154  3.2437E+04  2.624866191E-027
  0.700  2.105E+05   23.0706  3.4045E+04  2.285820287E-027
  0.700  2.358E+05   23.3380  3.5731E+04  1.968197565E-027
  0.700  2.623E+05   23.6185  3.7502E+04  1.674497671E-027
  0.700  2.902E+05   23.9109  3.9360E+04  1.409006693E-027
  0.700  3.194E+05   24.2159  4.1310E+04  1.172026389E-027
  0.700  3.501E+05   24.5324  4.3357E+04  9.645477807E-028
  0.700  3.823E+05   24.8607  4.5505E+04  7.852929386E-028
  0.700  4.161E+05   25.1999  4.7759E+04  6.328956954E-028
  0.700  4.516E+05   25.5497  5.0126E+04  5.051573537E-028
  0.700  4.888E+05   25.9090  5.2609E+04  3.996880005E-028
  0.700  5.279E+05   26.2763  5.5216E+04  3.139055528E-028
  0.700  5.689E+05   26.6491  5.7952E+04  2.452761426E-028
  0.700  6.119E+05   27.0236  6.0823E+04  1.913739189E-028
  0.700  6.571E+05   27.3925  6.3837E+04  1.500799724E-028
  0.700  7.045E+05   27.7451  6.6999E+04  1.194745802E-028
  0.700  7.543E+05   28.0627  7.0319E+04  9.823449433E-029
  0.700  8.065E+05   28.3225  7.3803E+04  8.517443748E-029
  0.700  8.613E+05   28.4912  7.7460E+04  8.032214908E-029
  0.700  9.188E+05   28.5488  8.1298E+04  8.391140283E-029
  0.700  9.792E+05   28.4775  8.5326E+04  9.870450480E-029
  0.700  1.043E+06   28.3057  8.9553E+04  1.273723292E-028
  0.700  1.109E+06   28.0570  9.3990E+04  1.764103743E-028
  0.700  1.179E+06   27.9885  9.8647E+04  2.069877366E-028
  0.700  1.252E+06   28.2082  1.0353E+05  1.862365230E-028
  0.700  1.329E+06   28.5731  1.0866E+05  1.465863726E-028
  0.700  1.410E+06   28.9953  1.1405E+05  1.094581292E-028
  0.700  1.494E+06   29.5078  1.1970E+05  7.520045091E-029
  0.700  1.583E+06   30.2452  1.2563E+05  4.200404058E-029
  0.700  1.677E+06   30.5882  1.3185E+05  3.373456534E-029
  0.700  1.775E+06   30.7218  1.3839E+05  3.285914679E-029
  0.700  1.877E+06   30.8941  1.4524E+05  3.088517608E-029
  0.700  1.985E+06   30.8939  1.5244E+05  3.402669745E-029
  0.700  2.098E+06   30.7434  1.5999E+05  4.305549131E-029
  0.700  2.217E+06   30.7314  1.6792E+05  4.795217278E-029
  0.700  2.342E+06   30.8618  1.7624E+05  4.684711455E-029
  0.700  2.473E+06   31.1248  1.8497E+05  4.050013481E-029
  0.700  2.610E+06   31.4397  1.9414E+05  3.338298532E-029
  0.700  2.754E+06   31.7226  2.0375E+05  2.833823295E-029
  0.700  2.906E+06   31.9569  2.1385E+05  2.515580073E-029
  0.700  3.065E+06   32.2156  2.2445E+05  2.183551987E-029
  0.700  3.231E+06   32.5194  2.3557E+05  1.818182455E-029
  0.700  3.406E+06   32.8557  2.4724E+05  1.469358817E-029
  0.700  3.590E+06   33.2222  2.5949E+05  1.154917397E-029
  0.700  3.783E+06   33.5918  2.7234E+05  9.051130166E-030
  0.700  3.985E+06   33.9607  2.8584E+05  7.097964896E-030
  0.700  4.197E+06   34.3330  3.0000E+05  5.549312476E-030

  0.750  5.453E-11   20.1534  2.0000E+04  1.158485830E-026
  0.750  1.485E+04   20.3568  2.0991E+04  1.058128301E-026
  0.750  3.044E+04   20.5604  2.2031E+04  9.662257901E-027
  0.750  4.681E+04   20.7666  2.3123E+04  8.802683036E-027
  0.750  6.398E+04   20.9775  2.4268E+04  7.984899576E-027
  0.750  8.200E+04   21.1949  2.5471E+04  7.199156280E-027
  0.750  1.009E+05   21.4205  2.6733E+04  6.442741253E-027
  0.750  1.208E+05   21.6555  2.8057E+04  5.715606988E-027
  0.750  1.416E+05   21.9007  2.9447E+04  5.023432385E-027
  0.750  1.635E+05   22.1569  3.0906E+04  4.370270648E-027
  0.750  1.864E+05   22.4242  3.2437E+04  3.763476535E-027
  0.750  2.105E+05   22.7033  3.4045E+04  3.205988013E-027
  0.750  2.358E+05   22.9935  3.5731E+04  2.703120954E-027
  0.750  2.623E+05   23.2957  3.7502E+04  2.254288797E-027
  0.750  2.902E+05   23.6089  3.9360E+04  1.860979412E-027
  0.750  3.194E+05   23.9335  4.1310E+04  1.520092448E-027
  0.750  3.501E+05   24.2690  4.3357E+04  1.229387656E-027
  0.750  3.823E+05   24.6153  4.5505E+04  9.844005955E-028
  0.750  4.161E+05   24.9719  4.7759E+04  7.807712617E-028
  0.750  4.516E+05   25.3385  5.0126E+04  6.136355392E-028
  0.750  4.888E+05   25.7141  5.2609E+04  4.782658270E-028
  0.750  5.279E+05   26.0975  5.5216E+04  3.700780893E-028
  0.750  5.689E+05   26.4867  5.7952E+04  2.848708594E-028
  0.750  6.119E+05   26.8779  6.0823E+04  2.188610096E-028
  0.750  6.571E+05   27.2645  6.3837E+04  1.688497125E-028
  0.750  7.045E+05   27.6364  6.6999E+04  1.320534766E-028
  0.750  7.543E+05   27.9749  7.0319E+04  1.065081036E-028
  0.750  8.065E+05   28.2565  7.3803E+04  9.052020788E-029
  0.750  8.613E+05   28.4455  7.7460E+04  8.377793158E-029
  0.750  9.188E+05   28.5189  8.1298E+04  8.625033123E-029
  0.750  9.792E+05   28.4571  8.5326E+04  1.005791530E-028
  0.750  1.043E+06   28.2889  8.9553E+04  1.293585067E-028
  0.750  1.109E+06   28.0403  9.3990E+04  1.791578911E-028
  0.750  1.179E+06   27.9706  9.8647E+04  2.104265345E-028
  0.750  1.252E+06   28.1896  1.0353E+05  1.894584809E-028
  0.750  1.329E+06   28.5538  1.0866E+05  1.492185755E-028
  0.750  1.410E+06   28.9756  1.1405E+05  1.114620771E-028
  0.750  1.494E+06   29.4871  1.1970E+05  7.665443194E-029
  0.750  1.583E+06   30.2231  1.2563E+05  4.286758134E-029
  0.750  1.677E+06   30.5694  1.3185E+05  3.432557170E-029
  0.750  1.775E+06   30.7056  1.3839E+05  3.335275753E-029
  0.750  1.877E+06   30.8794  1.4524E+05  3.130480616E-029
  0.750  1.985E+06   30.8806  1.5244E+05  3.444500261E-029
  0.750  2.098E+06   30.7307  1.5999E+05  4.356305150E-029
  0.750  2.217E+06   30.7188  1.6792E+05  4.851304326E-029
  0.750  2.342E+06   30.8491  1.7624E+05  4.739603283E-029
  0.750  2.473E+06   31.1122  1.8497E+05  4.097590613E-029
  0.750  2.610E+06   31.4270  1.9414E+05  3.377405645E-029
  0.750  2.754E+06   31.7100  2.0375E+05  2.866752156E-029
  0.750  2.906E+06   31.9445  2.1385E+05  2.544591861E-029
  0.750  3.065E+06   32.2032  2.2445E+05  2.208638098E-029
  0.750  3.231E+06   32.5070  2.3557E+05  1.839025065E-029
  0.750  3.406E+06   32.8433  2.4724E+05  1.486175339E-029
  0.750  3.590E+06   33.2098  2.5949E+05  1.168112366E-029
  0.750  3.783E+06   33.5795  2.7234E+05  9.154293407E-030
  0.750  3.985E+06   33.9484  2.8584E+05  7.178620096E-030
  0.750  4.197E+06   34.3207  3.0000E+05  5.612182979E-030

  0.800  5.453E-11   20.9092  2.0000E+04  5.775206064E-027
  0.800  1.485E+04   21.0584  2.0991E+04  5.544842927E-027
  0.800  3.044E+04   21.2135  2.2031E+04  5.294936167E-027
  0.800  4.681E+04   21.3760  2.3123E+04  5.021757014E-027
  0.800  6.398E+04   21.5476  2.4268E+04  4.723138178E-027
  0.800  8.200E+04   21.7293  2.5471E+04  4.400941092E-027
  0.800  1.009E+05   21.9221  2.6733E+04  4.058937475E-027
  0.800  1.208E+05   22.1268  2.8057E+04  3.702803082E-027
  0.800  1.416E+05   22.3437  2.9447E+04  3.340306929E-027
  0.800  1.635E+05   22.5733  3.0906E+04  2.978089479E-027
  0.800  1.864E+05   22.8154  3.2437E+04  2.624866191E-027
  0.800  2.105E+05   23.0706  3.4045E+04  2.285820287E-027
  0.800  2.358E+05   23.3380  3.5731E+04  1.968197565E-027
  0.800  2.623E+05   23.6185  3.7502E+04  1.674497671E-027
  0.800  2.902E+05   23.9109  3.9360E+04  1.409006693E-027
  0.800  3.194E+05   24.2159  4.1310E+04  1.172026389E-027
  0.800  3.501E+05   24.5324  4.3357E+04  9.645477807E-028
  0.800  3.823E+05   24.8607  4.5505E+04  7.852929386E-028
  0.800  4.161E+05   25.1999  4.7759E+04  6.328956954E-028
  0.800  4.516E+05   25.5497  5.0126E+04  5.051573537E-028
  0.800  4.888E+05   25.9090  5.2609E+04  3.996880005E-028
  0.800  5.279E+05   26.2763  5.5216E+04  3.139055528E-028
  0.800  5.689E+05   26.6491  5.7952E+04  2.452761426E-028
  0.800  6.119E+05   27.0236  6.0823E+04  1.913739189E-028
  0.800  6.571E+05   27.3925  6.3837E+04  1.500799724E-028
  0.800  7.045E+05   27.7451  6.6999E+04  1.194745802E-028
  0.800  7.543E+05   28.0627  7.0319E+04  9.823449433E-029
  0.800  8.065E+05   28.3225  7.3803E+04  8.517443748E-029
  0.800  8.613E+05   28.4912  7.7460E+04  8.032214908E-029
  0.800  9.188E+05   28.5488  8.1298E+04  8.391140283E-029
  0.800  9.792E+05   28.4775  8.5326E+04  9.870450480E-029
  0.800  1.043E+06   28.3057  8.9553E+04  1.273723292E-028
  0.800  1.109E+06   28.0570  9.3990E+04  1.764103743E-028
  0.800  1.179E+06   27.9885  9.8647E+04  2.069877366E-028
  0.800  1.252E+06   28.2082  1.0353E+05  1.862365230E-028
  0.800  1.329E+06   28.5731  1.0866E+05  1.465863726E-028
  0.800  1.410E+06   28.9953  1.1405E+05  1.094581292E-028
  0.800  1.494E+06   29.5078  1.1970E+05  7.520045091E-029
  0.800  1.583E+06   30.2452  1.2563E+05  4.200404058E-029
  0.800  1.677E+06   30.5882  1.3185E+05  3.373456534E-029
  0.800  1.775E+06   30.7218  1.3839E+05  3.285914679E-029
  0.800  1.877E+06   30.8941  1.4524E+05  3.088517608E-029
  0.800  1.985E+06   30.8939  1.5244E+05  3.402669745E-029
  0.800  2.098E+06   30.7434  1.5999E+05  4.305549131E-029
  0.800  2.217E+06   30.7314  1.6792E+05  4.795217278E-029
  0.800  2.342E+06   30.8618  1.7624E+05  4.684711455E-029
  0.800  2.473E+06   31.1248  1.8497E+05  4.050013481E-029
  0.800  2.610E+06   31.4397  1.9414E+05  3.338298532E-029
  0.800  2.754E+06   31.7226  2.0375E+05  2.833823295E-029
  0.800  2.906E+06   31.9569  2.1385E+05  2.515580073E-029
  0.800  3.065E+06   32.2156  2.2445E+05  2.183551987E-029
  0.800  3.231E+06   32.5194  2.3557E+05  1.818182455E-029
  0.800  3.406E+06   32.8557  2.4724E+05  1.469358817E-029
  0.800  3.590E+06   33.2222  2.5949E+05  1.154917397E-029
  0.800  3.783E+06   33.5918  2.7234E+05  9.051130166E-030
  0.800  3.985E+06   33.9607  2.8584E+05  7.097964896E-030
  0.800  4.197E+06   34.3330  3.0000E+05  5.549312476E-030

  0.850  5.453E-11   22.2674  2.0000E+04  1.653023834E-027
  0.850  1.485E+04   22.3847  2.0991E+04  1.634438267E-027
  0.850  3.044E+04   22.5071  2.2031E+04  1.608477076E-027
  0.850  4.681E+04   22.6358  2.3123E+04  1.573727406E-027
  0.850  6.398E+04   22.7719  2.4268E+04  1.529357750E-027
  0.850  8.200E+04   22.9161  2.5471E+04  1.475078023E-027
  0.850  1.009E+05   23.0695  2.6733E+04  1.410786902E-027
  0.850  1.208E+05   23.2326  2.8057E+04  1.337231832E-027
  0.850  1.416E+05   23.4062  2.9447E+04  1.255371749E-027
  0.850  1.635E+05   23.5909  3.0906E+04  1.166511584E-027
  0.850  1.864E+05   23.7870  3.2437E+04  1.072676936E-027
  0.850  2.105E+05   23.9952  3.4045E+04  9.753842844E-028
  0.850  2.358E+05   24.2154  3.5731E+04  8.772352105E-028
  0.850  2.623E+05   24.4484  3.7502E+04  7.796835223E-028
  0.850  2.902E+05   24.6936  3.9360E+04  6.852444555E-028
  0.850  3.194E+05   24.9517  4.1310E+04  5.951160486E-028
  0.850  3.501E+05   25.2220  4.3357E+04  5.110824683E-028
  0.850  3.823E+05   25.5046  4.5505E+04  4.339490535E-028
  0.850  4.161E+05   25.7989  4.7759E+04  3.645462831E-028
  0.850  4.516E+05   26.1040  5.0126E+04  3.031759965E-028
  0.850  4.888E+05   26.4187  5.2609E+04  2.499259400E-028
  0.850  5.279E+05   26.7410  5.5216E+04  2.045956381E-028
  0.850  5.689E+05   27.0677  5.7952E+04  1.668158702E-028
  0.850  6.119E+05   27.3936  6.0823E+04  1.360989937E-028
  0.850  6.571E+05   27.7108  6.3837E+04  1.119389654E-028
  0.850  7.045E+05   28.0077  6.6999E+04  9.380400846E-029
  0.850  7.543E+05   28.2660  7.0319E+04  8.145311829E-029
  0.850  8.065E+05   28.4665  7.3803E+04  7.459661188E-029
  0.850  8.613E+05   28.5818  7.7460E+04  7.389628218E-029
  0.850  9.188E+05   28.5992  8.1298E+04  8.010247154E-029
  0.850  9.792E+05   28.5048  8.5326E+04  9.625386400E-029
  0.850  1.043E+06   28.3242  8.9553E+04  1.252166908E-028
  0.850  1.109E+06   28.0756  9.3990E+04  1.734167190E-028
  0.850  1.179E+06   28.0100  9.8647E+04  2.029276782E-028
  0.850  1.252E+06   28.2318  1.0353E+05  1.822317818E-028
  0.850  1.329E+06   28.5988  1.0866E+05  1.431660361E-028
  0.850  1.410E+06   29.0221  1.1405E+05  1.067906867E-028
  0.850  1.494E+06   29.5377  1.1970E+05  7.316339474E-029
  0.850  1.583E+06   30.2785  1.2563E+05  4.073406788E-029
  0.850  1.677E+06   30.6130  1.3185E+05  3.297433247E-029
  0.850  1.775E+06   30.7396  1.3839E+05  3.232567446E-029
  0.850  1.877E+06   30.9078  1.4524E+05  3.049560499E-029
  0.850  1.985E+06   30.9041  1.5244E+05  3.370864084E-029
  0.850  2.098E+06   30.7522  1.5999E+05  4.270707001E-029
  0.850  2.217E+06   30.7400  1.6792E+05  4.757425691E-029
  0.850  2.342E+06   30.8704  1.7624E+05  4.647483832E-029
  0.850  2.473E+06   31.1336  1.8497E+05  4.017513671E-029
  0.850  2.610E+06   31.4483  1.9414E+05  3.311799428E-029
  0.850  2.754E+06   31.7309  2.0375E+05  2.812025694E-029
  0.850  2.906E+06   31.9650  2.1385E+05  2.496795612E-029
  0.850  3.065E+06   32.2236  2.2445E+05  2.167498597E-029
  0.850  3.231E+06   32.5274  2.3557E+05  1.804941313E-029
  0.850  3.406E+06   32.8636  2.4724E+05  1.458735998E-029
  0.850  3.590E+06   33.2300  2.5949E+05  1.146635005E-029
  0.850  3.783E+06   33.5995  2.7234E+05  8.986909610E-030
  0.850  3.985E+06   33.9683  2.8584E+05  7.048271355E-030
  0.850  4.197E+06   34.3405  3.0000E+05  5.510973745E-030

  0.900  5.453E-11   23.1738  2.0000E+04  7.173447916E-028
  0.900  1.485E+04   23.3329  2.0991E+04  6.824893570E-028
  0.900  3.044E+04   23.4954  2.2031E+04  6.472730147E-028
  0.900  4.681E+04   23.6610  2.3123E+04  6.121332016E-028
  0.900  6.398E+04   23.8294  2.4268E+04  5.774002046E-028
  0.900  8.200E+04   24.0004  2.5471E+04  5.433798569E-028
  0.900  1.009E+05   24.1737  2.6733E+04  5.102390413E-028
  0.900  1.208E+05   24.3494  2.8057E+04  4.780944915E-028
  0.900  1.416E+05   24.5277  2.9447E+04  4.468817532E-028
  0.900  1.635E+05   24.7090  3.0906E+04  4.165672027E-028
  0.900  1.864E+05   24.8938  3.2437E+04  3.870445664E-028
  0.900  2.105E+05   25.0829  3.4045E+04  3.581816178E-028
  0.900  2.358E+05   25.2774  3.5731E+04  3.298464052E-028
  0.900  2.623E+05   25.4780  3.7502E+04  3.020510708E-028
  0.900  2.902E+05   25.6855  3.9360E+04  2.748378568E-028
  0.900  3.194E+05   25.9010  4.1310E+04  2.482486708E-028
  0.900  3.501E+05   26.1246  4.3357E+04  2.225589558E-028
  0.900  3.823E+05   26.3569  4.5505E+04  1.979462800E-028
  0.900  4.161E+05   26.5976  4.7759E+04  1.746801228E-028
  0.900  4.516E+05   26.8461  5.0126E+04  1.530573571E-028
  0.900  4.888E+05   27.1010  5.2609E+04  1.333186975E-028
  0.900  5.279E+05   27.3600  5.5216E+04  1.156894257E-028
  0.900  5.689E+05   27.6192  5.7952E+04  1.003730147E-028
  0.900  6.119E+05   27.8730  6.0823E+04  8.752399719E-029
  0.900  6.571E+05   28.1129  6.3837E+04  7.729853818E-029
  0.900  7.045E+05   28.3284  6.6999E+04  6.981951898E-029
  0.900  7.543E+05   28.5039  7.0319E+04  6.542832007E-029
  0.900  8.065E+05   28.6266  7.3803E+04  6.436972667E-029
  0.900  8.613E+05   28.6766  7.7460E+04  6.771776308E-029
  0.900  9.188E+05   28.6479  8.1298E+04  7.658997827E-029
  0.900  9.792E+05   28.5279  8.5326E+04  9.422996871E-029
  0.900  1.043E+06   28.3378  8.9553E+04  1.236627039E-028
  0.900  1.109E+06   28.0893  9.3990E+04  1.712428252E-028
  0.900  1.179E+06   28.0273  9.8647E+04  1.997281387E-028
  0.900  1.252E+06   28.2520  1.0353E+05  1.788673814E-028
  0.900  1.329E+06   28.6221  1.0866E+05  1.401287782E-028
  0.900  1.410E+06   29.0472  1.1405E+05  1.043417996E-028
  0.900  1.494E+06   29.5671  1.1970E+05  7.120642162E-029
  0.900  1.583E+06   30.3126  1.2563E+05  3.947340602E-029
  0.900  1.677E+06   30.6361  1.3185E+05  3.227925687E-029
  0.900  1.775E+06   30.7540  1.3839E+05  3.189963436E-029
  0.900  1.877E+06   30.9173  1.4524E+05  3.023068108E-029
  0.900  1.985E+06   30.9092  1.5244E+05  3.355168669E-029
  0.900  2.098E+06   30.7556  1.5999E+05  4.257373625E-029
  0.900  2.217E+06   30.7432  1.6792E+05  4.743748661E-029
  0.900  2.342E+06   30.8737  1.7624E+05  4.633672167E-029
  0.900  2.473E+06   31.1369  1.8497E+05  4.005115013E-029
  0.900  2.610E+06   31.4516  1.9414E+05  3.301897462E-029
  0.900  2.754E+06   31.7339  2.0375E+05  2.804465327E-029
  0.900  2.906E+06   31.9677  2.1385E+05  2.490775259E-029
  0.900  3.065E+06   32.2261  2.2445E+05  2.162574026E-029
  0.900  3.231E+06   32.5297  2.3557E+05  1.800989428E-029
  0.900  3.406E+06   32.8659  2.4724E+05  1.455633542E-029
  0.900  3.590E+06   33.2322  2.5949E+05  1.144276508E-029
  0.900  3.783E+06   33.6016  2.7234E+05  8.969271359E-030
  0.900  3.985E+06   33.9703  2.8584E+05  7.035270754E-030
  0.900  4.197E+06   34.3424  3.0000E+05  5.501448952E-030

  0.950  5.453E-11   23.8653  2.0000E+04  3.794139682E-028
  0.950  1.485E+04   24.0398  2.0991E+04  3.559098560E-028
  0.950  3.044E+04   24.2185  2.2031E+04  3.325340205E-028
  0.950  4.681E+04   24.4012  2.3123E+04  3.095780338E-028
  0.950  6.398E+04   24.5875  2.4268E+04  2.872533692E-028
  0.950  8.200E+04   24.7768  2.5471E+04  2.657814045E-028
  0.950  1.009E+05   24.9687  2.6733E+04  2.453392374E-028
  0.950  1.208E+05   25.1626  2.8057E+04  2.260563912E-028
  0.950  1.416E+05   25.3580  2.9447E+04  2.079999281E-028
  0.950  1.635E+05   25.5544  3.0906E+04  1.912164331E-028
  0.950  1.864E+05   25.7510  3.2437E+04  1.757336420E-028
  0.950  2.105E+05   25.9476  3.4045E+04  1.615202176E-028
  0.950  2.358E+05   26.1446  3.5731E+04  1.484053109E-028
  0.950  2.623E+05   26.3410  3.7502E+04  1.364171397E-028
  0.950  2.902E+05   26.5378  3.9360E+04  1.253609023E-028
  0.950  3.194E+05   26.7351  4.1310E+04  1.151438882E-028
  0.950  3.501E+05   26.9331  4.3357E+04  1.056896601E-028
  0.950  3.823E+05   27.1322  4.5505E+04  9.692054660E-029
  0.950  4.161E+05   27.3325  4.7759E+04  8.878044120E-029
  0.950  4.516E+05   27.5329  5.0126E+04  8.131068051E-029
  0.950  4.888E+05   27.7325  5.2609E+04  7.452291791E-029
  0.950  5.279E+05   27.9291  5.5216E+04  6.849336051E-029
  0.950  5.689E+05   28.1191  5.7952E+04  6.334086043E-029
  0.950  6.119E+05   28.2974  6.0823E+04  5.920252077E-029
  0.950  6.571E+05   28.4576  6.3837E+04  5.627129200E-029
  0.950  7.045E+05   28.5922  6.6999E+04  5.475463163E-029
  0.950  7.543E+05   28.6903  7.0319E+04  5.510737181E-029
  0.950  8.065E+05   28.7453  7.3803E+04  5.770634573E-029
  0.950  8.613E+05   28.7421  7.7460E+04  6.375256242E-029
  0.950  9.188E+05   28.6779  8.1298E+04  7.450422941E-029
  0.950  9.792E+05   28.5387  8.5326E+04  9.329102931E-029
  0.950  1.043E+06   28.3416  8.9553E+04  1.232216666E-028
  0.950  1.109E+06   28.0933  9.3990E+04  1.706119152E-028
  0.950  1.179E+06   28.0342  9.8647E+04  1.984486739E-028
  0.950  1.252E+06   28.2620  1.0353E+05  1.772345593E-028
  0.950  1.329E+06   28.6353  1.0866E+05  1.384328980E-028
  0.950  1.410E+06   29.0627  1.1405E+05  1.028706197E-028
  0.950  1.494E+06   29.5868  1.1970E+05  6.992665122E-029
  0.950  1.583E+06   30.3367  1.2563E+05  3.860910119E-029
  0.950  1.677E+06   30.6500  1.3185E+05  3.186815576E-029
  0.950  1.775E+06   30.7602  1.3839E+05  3.171761335E-029
  0.950  1.877E+06   30.9193  1.4524E+05  3.017668638E-029
  0.950  1.985E+06   30.9073  1.5244E+05  3.360801338E-029
  0.950  2.098E+06   30.7524  1.5999E+05  4.270040528E-029
  0.950  2.217E+06   30.7397  1.6792E+05  4.758823997E-029
  0.950  2.342E+06   30.8703  1.7624E+05  4.647959241E-029
  0.950  2.473E+06   31.1337  1.8497E+05  4.017005135E-029
  0.950  2.610E+06   31.4483  1.9414E+05  3.311932856E-029
  0.950  2.754E+06   31.7303  2.0375E+05  2.813703074E-029
  0.950  2.906E+06   31.9638  2.1385E+05  2.499567496E-029
  0.950  3.065E+06   32.2221  2.2445E+05  2.170459178E-029
  0.950  3.231E+06   32.5257  2.3557E+05  1.807676447E-029
  0.950  3.406E+06   32.8618  2.4724E+05  1.461110651E-029
  0.950  3.590E+06   33.2281  2.5949E+05  1.148647272E-029
  0.950  3.783E+06   33.5974  2.7234E+05  9.004250077E-030
  0.950  3.985E+06   33.9660  2.8584E+05  7.063424791E-030
  0.950  4.197E+06   34.3379  3.0000E+05  5.524022503E-030

  1.000  5.453E-11   24.4357  2.0000E+04  2.243773995E-028
  1.000  1.485E+04   24.6126  2.0991E+04  2.099832695E-028
  1.000  3.044E+04   24.7939  2.2031E+04  1.957456793E-028
  1.000  4.681E+04   24.9789  2.3123E+04  1.818386681E-028
  1.000  6.398E+04   25.1674  2.4268E+04  1.683762856E-028
  1.000  8.200E+04   25.3589  2.5471E+04  1.554854800E-028
  1.000  1.009E+05   25.5528  2.6733E+04  1.432585417E-028
  1.000  1.208E+05   25.7487  2.8057E+04  1.317617844E-028
  1.000  1.416E+05   25.9460  2.9447E+04  1.210229960E-028
  1.000  1.635E+05   26.1442  3.0906E+04  1.110723233E-028
  1.000  1.864E+05   26.3421  3.2437E+04  1.019581519E-028
  1.000  2.105E+05   26.5391  3.4045E+04  9.368012059E-029
  1.000  2.358E+05   26.7354  3.5731E+04  8.612388884E-029
  1.000  2.623E+05   26.9290  3.7502E+04  7.937687402E-029
  1.000  2.902E+05   27.1201  3.9360E+04  7.332073734E-029
  1.000  3.194E+05   27.3083  4.1310E+04  6.791640650E-029
  1.000  3.501E+05   27.4924  4.3357E+04  6.314511401E-029
  1.000  3.823E+05   27.6719  4.5505E+04  5.895532893E-029
  1.000  4.161E+05   27.8463  4.7759E+04  5.530612174E-029
  1.000  4.516E+05   28.0135  5.0126E+04  5.222785549E-029
  1.000  4.888E+05   28.1725  5.2609E+04  4.969391209E-029
  1.000  5.279E+05   28.3212  5.5216E+04  4.773539464E-029
  1.000  5.689E+05   28.4567  5.7952E+04  4.641088238E-029
  1.000  6.119E+05   28.5762  6.0823E+04  4.579785985E-029
  1.000  6.571E+05   28.6756  6.3837E+04  4.603298599E-029
  1.000  7.045E+05   28.7516  6.6999E+04  4.728114667E-029
  1.000  7.543E+05   28.7964  7.0319E+04  4.997449429E-029
  1.000  8.065E+05   28.8076  7.3803E+04  5.448395501E-029
  1.000  8.613E+05   28.7719  7.7460E+04  6.202670306E-029
  1.000  9.188E+05   28.6867  8.1298E+04  7.389970924E-029
  1.000  9.792E+05   28.5366  8.5326E+04  9.347631865E-029
  1.000  1.043E+06   28.3355  8.9553E+04  1.239208020E-028
  1.000  1.109E+06   28.0872  9.3990E+04  1.715748968E-028
  1.000  1.179E+06   28.0300  9.8647E+04  1.992310637E-028
  1.000  1.252E+06   28.2599  1.0353E+05  1.775714463E-028
  1.000  1.329E+06   28.6358  1.0866E+05  1.383643376E-028
  1.000  1.410E+06   29.0650  1.1405E+05  1.026479142E-028
  1.000  1.494E+06   29.5924  1.1970E+05  6.956942385E-029
  1.000  1.583E+06   30.3450  1.2563E+05  3.831391486E-029
  1.000  1.677E+06   30.6510  1.3185E+05  3.183806616E-029
  1.000  1.775E+06   30.7560  1.3839E+05  3.183860578E-029
  1.000  1.877E+06   30.9123  1.4524E+05  3.036926130E-029
  1.000  1.985E+06   30.8981  1.5244E+05  3.389534088E-029
  1.000  2.098E+06   30.7423  1.5999E+05  4.309892656E-029
  1.000  2.217E+06   30.7295  1.6792E+05  4.803847842E-029
  1.000  2.342E+06   30.8601  1.7624E+05  4.691702987E-029
  1.000  2.473E+06   31.1236  1.8497E+05  4.054539715E-029
  1.000  2.610E+06   31.4381  1.9414E+05  3.343021180E-029
  1.000  2.754E+06   31.7200  2.0375E+05  2.840554161E-029
  1.000  2.906E+06   31.9534  2.1385E+05  2.523782635E-029
  1.000  3.065E+06   32.2116  2.2445E+05  2.191643061E-029
  1.000  3.231E+06   32.5151  2.3557E+05  1.825395170E-029
  1.000  3.406E+06   32.8512  2.4724E+05  1.475478283E-029
  1.000  3.590E+06   33.2174  2.5949E+05  1.159983668E-029
  1.000  3.783E+06   33.5867  2.7234E+05  9.093569292E-030
  1.000  3.985E+06   33.9552  2.8584E+05  7.133940926E-030
  1.000  4.197E+06   34.3271  3.0000E+05  5.579520971E-030

