  0.000  0.000E+00   26.3949  8.0000E+04  5.907660919E-028
  0.000  3.747E+04   26.8573  9.0000E+04  4.883695206E-028

  0.050  0.000E+00   26.3961  8.0000E+04  5.900850609E-028
  0.050  3.747E+04   26.8585  9.0000E+04  4.878439717E-028

  0.100  0.000E+00   26.4218  8.0000E+04  5.763123251E-028
  0.100  3.747E+04   26.8840  9.0000E+04  4.764876694E-028

  0.150  0.000E+00   26.4548  8.0000E+04  5.590240520E-028
  0.150  3.747E+04   26.9171  9.0000E+04  4.622144946E-028

  0.200  0.000E+00   26.4793  8.0000E+04  5.465789370E-028
  0.200  3.747E+04   26.9415  9.0000E+04  4.519365648E-028

  0.250  0.000E+00   26.5055  8.0000E+04  5.335506440E-028
  0.250  3.747E+04   26.9676  9.0000E+04  4.411708522E-028

  0.300  0.000E+00   26.4785  8.0000E+04  5.469855342E-028
  0.300  3.747E+04   26.9406  9.0000E+04  4.522833519E-028

  0.350  0.000E+00   26.4533  8.0000E+04  5.598152481E-028
  0.350  3.747E+04   26.9155  9.0000E+04  4.628892854E-028

  0.400  0.000E+00   26.4196  8.0000E+04  5.774354083E-028
  0.400  3.747E+04   26.8819  9.0000E+04  4.774454505E-028

  0.450  0.000E+00   26.3936  8.0000E+04  5.914374108E-028
  0.450  3.747E+04   26.8559  9.0000E+04  4.889971431E-028

  0.500  0.000E+00   26.3922  8.0000E+04  5.921902351E-028
  0.500  3.747E+04   26.8546  9.0000E+04  4.895837310E-028

  0.550  0.000E+00   26.3872  8.0000E+04  5.949632525E-028
  0.550  3.747E+04   26.8496  9.0000E+04  4.918295788E-028

  0.600  0.000E+00   26.4071  8.0000E+04  5.841361161E-028
  0.600  3.747E+04   26.8697  9.0000E+04  4.828283590E-028

  0.650  0.000E+00   26.4356  8.0000E+04  5.690260010E-028
  0.650  3.747E+04   26.8982  9.0000E+04  4.702885751E-028

  0.700  0.000E+00   26.4572  8.0000E+04  5.577929930E-028
  0.700  3.747E+04   26.9200  9.0000E+04  4.609652957E-028

  0.750  0.000E+00   26.4827  8.0000E+04  5.448719208E-028
  0.750  3.747E+04   26.9455  9.0000E+04  4.502655266E-028

  0.800  0.000E+00   26.4580  8.0000E+04  5.573772771E-028
  0.800  3.747E+04   26.9208  9.0000E+04  4.606111180E-028

  0.850  0.000E+00   26.4371  8.0000E+04  5.682199972E-028
  0.850  3.747E+04   26.8998  9.0000E+04  4.696017815E-028

  0.900  0.000E+00   26.4092  8.0000E+04  5.829980935E-028
  0.900  3.747E+04   26.8719  9.0000E+04  4.818584636E-028

  0.950  0.000E+00   26.3897  8.0000E+04  5.936016246E-028
  0.950  3.747E+04   26.8522  9.0000E+04  4.906688823E-028

  1.000  0.000E+00   26.3949  8.0000E+04  5.907660919E-028
  1.000  3.747E+04   26.8573  9.0000E+04  4.883695206E-028

