  0.000 -7.764E+02   -2.6241  6.5458E+03  1.602294031E-018
  0.000 -7.673E+02   -2.6224  6.5460E+03  1.599854211E-018
  0.000 -7.582E+02   -2.6176  6.5462E+03  1.592906489E-018
  0.000 -7.490E+02   -2.6158  6.5464E+03  1.590423776E-018
  0.000 -7.399E+02   -2.6115  6.5466E+03  1.584210893E-018
  0.000 -7.308E+02   -2.6096  6.5468E+03  1.581541918E-018
  0.000 -7.216E+02   -2.6055  6.5470E+03  1.575644362E-018
  0.000 -7.125E+02   -2.6030  6.5472E+03  1.572092855E-018
  0.000 -7.033E+02   -2.5996  6.5474E+03  1.567314796E-018
  0.000 -6.942E+02   -2.5960  6.5476E+03  1.562292451E-018
  0.000 -6.851E+02   -2.5923  6.5478E+03  1.557018560E-018
  0.000 -6.759E+02   -2.5883  6.5480E+03  1.551430551E-018
  0.000 -6.668E+02   -2.5844  6.5482E+03  1.545956825E-018
  0.000 -6.577E+02   -2.5762  6.5484E+03  1.534430663E-018
  0.000 -6.485E+02   -2.5661  6.5486E+03  1.520222638E-018
  0.000 -6.394E+02   -2.5576  6.5488E+03  1.508514363E-018
  0.000 -6.303E+02   -2.5513  6.5490E+03  1.499890699E-018
  0.000 -6.211E+02   -2.5464  6.5492E+03  1.493182566E-018
  0.000 -6.120E+02   -2.5421  6.5494E+03  1.487436652E-018
  0.000 -6.028E+02   -2.5398  6.5496E+03  1.484295883E-018
  0.000 -5.937E+02   -2.5338  6.5498E+03  1.476287932E-018
  0.000 -5.846E+02   -2.5322  6.5500E+03  1.474085582E-018
  0.000 -5.754E+02   -2.5295  6.5502E+03  1.470555085E-018
  0.000 -5.663E+02   -2.5240  6.5504E+03  1.463180443E-018
  0.000 -5.572E+02   -2.5182  6.5506E+03  1.455535456E-018
  0.000 -5.480E+02   -2.5130  6.5508E+03  1.448647254E-018
  0.000 -5.389E+02   -2.5092  6.5510E+03  1.443663920E-018
  0.000 -5.298E+02   -2.5059  6.5512E+03  1.439361349E-018
  0.000 -5.206E+02   -2.5050  6.5514E+03  1.438350002E-018
  0.000 -5.115E+02   -2.5004  6.5516E+03  1.432242897E-018
  0.000 -5.023E+02   -2.4945  6.5518E+03  1.424642245E-018
  0.000 -4.932E+02   -2.4883  6.5520E+03  1.416599371E-018
  0.000 -4.841E+02   -2.4824  6.5522E+03  1.408995081E-018
  0.000 -4.749E+02   -2.4754  6.5524E+03  1.400005906E-018
  0.000 -4.658E+02   -2.4684  6.5526E+03  1.391080613E-018
  0.000 -4.567E+02   -2.4604  6.5528E+03  1.380935575E-018
  0.000 -4.475E+02   -2.4529  6.5530E+03  1.371558745E-018
  0.000 -4.384E+02   -2.4455  6.5532E+03  1.362308040E-018
  0.000 -4.293E+02   -2.4382  6.5534E+03  1.353352042E-018
  0.000 -4.201E+02   -2.4299  6.5536E+03  1.343130508E-018
  0.000 -4.110E+02   -2.4202  6.5538E+03  1.331267439E-018
  0.000 -4.019E+02   -2.4089  6.5540E+03  1.317452621E-018
  0.000 -3.927E+02   -2.3995  6.5542E+03  1.306179120E-018
  0.000 -3.836E+02   -2.3904  6.5544E+03  1.295413434E-018
  0.000 -3.744E+02   -2.3820  6.5546E+03  1.285446420E-018
  0.000 -3.653E+02   -2.3735  6.5548E+03  1.275581772E-018
  0.000 -3.562E+02   -2.3660  6.5550E+03  1.266888944E-018
  0.000 -3.470E+02   -2.3593  6.5552E+03  1.259109462E-018
  0.000 -3.379E+02   -2.3533  6.5554E+03  1.252296680E-018
  0.000 -3.288E+02   -2.3463  6.5556E+03  1.244275736E-018
  0.000 -3.196E+02   -2.3358  6.5558E+03  1.232384502E-018
  0.000 -3.105E+02   -2.3258  6.5560E+03  1.221188729E-018
  0.000 -3.014E+02   -2.3140  6.5562E+03  1.208089078E-018
  0.000 -2.922E+02   -2.3003  6.5564E+03  1.192937803E-018
  0.000 -2.831E+02   -2.2840  6.5566E+03  1.175298183E-018
  0.000 -2.739E+02   -2.2696  6.5568E+03  1.159848241E-018
  0.000 -2.648E+02   -2.2496  6.5570E+03  1.138730083E-018
  0.000 -2.557E+02   -2.2315  6.5572E+03  1.120024316E-018
  0.000 -2.465E+02   -2.2068  6.5574E+03  1.094906757E-018
  0.000 -2.374E+02   -2.1872  6.5576E+03  1.075341692E-018
  0.000 -2.283E+02   -2.1596  6.5578E+03  1.048462560E-018
  0.000 -2.191E+02   -2.1438  6.5580E+03  1.033310904E-018
  0.000 -2.100E+02   -2.1212  6.5582E+03  1.012070709E-018
  0.000 -2.009E+02   -2.0993  6.5584E+03  9.919483705E-019
  0.000 -1.917E+02   -2.0783  6.5586E+03  9.729867471E-019
  0.000 -1.826E+02   -2.0655  6.5588E+03  9.616390799E-019
  0.000 -1.734E+02   -2.0522  6.5590E+03  9.500268364E-019
  0.000 -1.643E+02   -2.0462  6.5592E+03  9.448382775E-019
  0.000 -1.552E+02   -2.0432  6.5594E+03  9.422639418E-019
  0.000 -1.460E+02   -2.0409  6.5596E+03  9.403913870E-019
  0.000 -1.369E+02   -2.0447  6.5598E+03  9.437227932E-019
  0.000 -1.278E+02   -2.0488  6.5600E+03  9.473216142E-019
  0.000 -1.186E+02   -2.0517  6.5602E+03  9.499216705E-019
  0.000 -1.095E+02   -2.0554  6.5604E+03  9.532509909E-019
  0.000 -1.004E+02   -2.0638  6.5606E+03  9.607328291E-019
  0.000 -9.122E+01   -2.0734  6.5608E+03  9.692586081E-019
  0.000 -8.209E+01   -2.0864  6.5610E+03  9.809957676E-019
  0.000 -7.295E+01   -2.1013  6.5612E+03  9.946815627E-019
  0.000 -6.382E+01   -2.1192  6.5614E+03  1.011207155E-018
  0.000 -5.468E+01   -2.1393  6.5616E+03  1.030177800E-018
  0.000 -4.554E+01   -2.1566  6.5618E+03  1.046844485E-018
  0.000 -3.641E+01   -2.1778  6.5620E+03  1.067496227E-018
  0.000 -2.727E+01   -2.1986  6.5622E+03  1.088199283E-018
  0.000 -1.814E+01   -2.2208  6.5624E+03  1.110775956E-018
  0.000 -8.999E+00   -2.2397  6.5626E+03  1.130312017E-018
  0.000  1.370E-01   -2.2565  6.5628E+03  1.148088347E-018
  0.000  9.273E+00   -2.2702  6.5630E+03  1.162697511E-018
  0.000  1.841E+01   -2.2817  6.5632E+03  1.175130594E-018
  0.000  2.755E+01   -2.2953  6.5634E+03  1.190025023E-018
  0.000  3.668E+01   -2.3069  6.5636E+03  1.202912369E-018
  0.000  4.582E+01   -2.3169  6.5638E+03  1.214059965E-018
  0.000  5.495E+01   -2.3270  6.5640E+03  1.225540676E-018
  0.000  6.409E+01   -2.3373  6.5642E+03  1.237240538E-018
  0.000  7.323E+01   -2.3470  6.5644E+03  1.248465272E-018
  0.000  8.236E+01   -2.3548  6.5646E+03  1.257492803E-018
  0.000  9.150E+01   -2.3587  6.5648E+03  1.262145448E-018
  0.000  1.006E+02   -2.3588  6.5650E+03  1.262305314E-018
  0.000  1.098E+02   -2.3574  6.5652E+03  1.260782290E-018
  0.000  1.189E+02   -2.3567  6.5654E+03  1.260062165E-018
  0.000  1.280E+02   -2.3578  6.5656E+03  1.261387285E-018
  0.000  1.372E+02   -2.3625  6.5658E+03  1.266979401E-018
  0.000  1.463E+02   -2.3713  6.5660E+03  1.277367928E-018
  0.000  1.555E+02   -2.3844  6.5662E+03  1.292959057E-018
  0.000  1.646E+02   -2.4007  6.5664E+03  1.312574053E-018
  0.000  1.737E+02   -2.4172  6.5666E+03  1.332784977E-018
  0.000  1.829E+02   -2.4330  6.5668E+03  1.352296940E-018
  0.000  1.920E+02   -2.4454  6.5670E+03  1.367947270E-018
  0.000  2.011E+02   -2.4564  6.5672E+03  1.381985418E-018
  0.000  2.103E+02   -2.4649  6.5674E+03  1.392863678E-018
  0.000  2.194E+02   -2.4719  6.5676E+03  1.402057124E-018
  0.000  2.285E+02   -2.4779  6.5678E+03  1.409843176E-018
  0.000  2.377E+02   -2.4839  6.5680E+03  1.417754938E-018
  0.000  2.468E+02   -2.4895  6.5682E+03  1.425161177E-018
  0.000  2.559E+02   -2.4954  6.5684E+03  1.432998723E-018
  0.000  2.651E+02   -2.5011  6.5686E+03  1.440631304E-018
  0.000  2.742E+02   -2.5068  6.5688E+03  1.448361047E-018
  0.000  2.834E+02   -2.5124  6.5690E+03  1.455908448E-018
  0.000  2.925E+02   -2.5161  6.5692E+03  1.460975366E-018
  0.000  3.016E+02   -2.5240  6.5694E+03  1.471729301E-018
  0.000  3.108E+02   -2.5264  6.5696E+03  1.475128304E-018
  0.000  3.199E+02   -2.5341  6.5698E+03  1.485726480E-018
  0.000  3.290E+02   -2.5363  6.5700E+03  1.488710492E-018
  0.000  3.382E+02   -2.5434  6.5702E+03  1.498696158E-018
  0.000  3.473E+02   -2.5459  6.5704E+03  1.502235275E-018
  0.000  3.564E+02   -2.5524  6.5706E+03  1.511317281E-018
  0.000  3.656E+02   -2.5554  6.5708E+03  1.515505883E-018
  0.000  3.747E+02   -2.5607  6.5710E+03  1.523008459E-018
  0.000  3.839E+02   -2.5640  6.5712E+03  1.527874782E-018
  0.000  3.930E+02   -2.5652  6.5714E+03  1.529581937E-018
  0.000  4.021E+02   -2.5652  6.5716E+03  1.529627796E-018
  0.000  4.113E+02   -2.5662  6.5718E+03  1.531230419E-018
  0.000  4.204E+02   -2.5691  6.5720E+03  1.535380312E-018
  0.000  4.295E+02   -2.5718  6.5722E+03  1.539248030E-018
  0.000  4.387E+02   -2.5763  6.5724E+03  1.545743121E-018
  0.000  4.478E+02   -2.5797  6.5726E+03  1.550748000E-018
  0.000  4.569E+02   -2.5863  6.5728E+03  1.560236714E-018
  0.000  4.661E+02   -2.5916  6.5730E+03  1.567933359E-018
  0.000  4.752E+02   -2.5989  6.5732E+03  1.578698194E-018
  0.000  4.844E+02   -2.5991  6.5734E+03  1.579008248E-018
  0.000  4.935E+02   -2.6034  6.5736E+03  1.585483316E-018
  0.000  5.026E+02   -2.6043  6.5738E+03  1.586845550E-018
  0.000  5.118E+02   -2.6086  6.5740E+03  1.593209628E-018
  0.000  5.209E+02   -2.6118  6.5742E+03  1.598057482E-018
  0.000  5.300E+02   -2.6143  6.5744E+03  1.601864586E-018
  0.000  5.392E+02   -2.6173  6.5746E+03  1.606303130E-018
  0.000  5.483E+02   -2.6202  6.5748E+03  1.610732634E-018
  0.000  5.574E+02   -2.6189  6.5750E+03  1.608834411E-018
  0.000  5.666E+02   -2.6177  6.5752E+03  1.607261417E-018
  0.000  5.757E+02   -2.6168  6.5754E+03  1.605988204E-018
  0.000  5.848E+02   -2.6188  6.5756E+03  1.609077380E-018
  0.000  5.940E+02   -2.6202  6.5758E+03  1.611239016E-018
  0.000  6.031E+02   -2.6238  6.5760E+03  1.616736779E-018
  0.000  6.123E+02   -2.6270  6.5762E+03  1.621528784E-018
  0.000  6.214E+02   -2.6302  6.5764E+03  1.626398172E-018
  0.000  6.305E+02   -2.6328  6.5766E+03  1.630385952E-018
  0.000  6.397E+02   -2.6353  6.5768E+03  1.634322907E-018
  0.000  6.488E+02   -2.6353  6.5770E+03  1.634428469E-018
  0.000  6.579E+02   -2.6348  6.5772E+03  1.633785037E-018
  0.000  6.671E+02   -2.6314  6.5774E+03  1.628774099E-018
  0.000  6.762E+02   -2.6323  6.5776E+03  1.630104528E-018
  0.000  6.853E+02   -2.6341  6.5778E+03  1.633028372E-018
  0.000  6.945E+02   -2.6394  6.5780E+03  1.641132007E-018
  0.000  7.036E+02   -2.6439  6.5782E+03  1.648046027E-018
  0.000  7.128E+02   -2.6470  6.5784E+03  1.652844543E-018
  0.000  7.219E+02   -2.6508  6.5786E+03  1.658766755E-018
  0.000  7.310E+02   -2.6564  6.5788E+03  1.667370575E-018
  0.000  7.402E+02   -2.6615  6.5790E+03  1.675322974E-018
  0.000  7.493E+02   -2.6627  6.5792E+03  1.677257850E-018
  0.000  7.584E+02   -2.6643  6.5794E+03  1.679915201E-018
  0.000  7.676E+02   -2.6655  6.5796E+03  1.681780705E-018
  0.000  7.767E+02   -2.6668  6.5798E+03  1.683957746E-018

  0.125 -7.764E+02   -2.6496  6.5458E+03  1.640394642E-018
  0.125 -7.673E+02   -2.6503  6.5460E+03  1.641582367E-018
  0.125 -7.582E+02   -2.6527  6.5462E+03  1.645313760E-018
  0.125 -7.490E+02   -2.6505  6.5464E+03  1.642065660E-018
  0.125 -7.399E+02   -2.6477  6.5466E+03  1.637859799E-018
  0.125 -7.308E+02   -2.6453  6.5468E+03  1.634414892E-018
  0.125 -7.216E+02   -2.6428  6.5470E+03  1.630720679E-018
  0.125 -7.125E+02   -2.6391  6.5472E+03  1.625357540E-018
  0.125 -7.033E+02   -2.6346  6.5474E+03  1.618706670E-018
  0.125 -6.942E+02   -2.6257  6.5476E+03  1.605530182E-018
  0.125 -6.851E+02   -2.6185  6.5478E+03  1.595032470E-018
  0.125 -6.759E+02   -2.6086  6.5480E+03  1.580721802E-018
  0.125 -6.668E+02   -2.6066  6.5482E+03  1.577883604E-018
  0.125 -6.577E+02   -2.6005  6.5484E+03  1.569136980E-018
  0.125 -6.485E+02   -2.6003  6.5486E+03  1.568962890E-018
  0.125 -6.394E+02   -2.5976  6.5488E+03  1.565149154E-018
  0.125 -6.303E+02   -2.5917  6.5490E+03  1.556675473E-018
  0.125 -6.211E+02   -2.5944  6.5492E+03  1.560640461E-018
  0.125 -6.120E+02   -2.5867  6.5494E+03  1.549789313E-018
  0.125 -6.028E+02   -2.5862  6.5496E+03  1.549127493E-018
  0.125 -5.937E+02   -2.5796  6.5498E+03  1.539792187E-018
  0.125 -5.846E+02   -2.5760  6.5500E+03  1.534817707E-018
  0.125 -5.754E+02   -2.5752  6.5502E+03  1.533803642E-018
  0.125 -5.663E+02   -2.5714  6.5504E+03  1.528531909E-018
  0.125 -5.572E+02   -2.5725  6.5506E+03  1.530228025E-018
  0.125 -5.480E+02   -2.5676  6.5508E+03  1.523435711E-018
  0.125 -5.389E+02   -2.5630  6.5510E+03  1.517091024E-018
  0.125 -5.298E+02   -2.5582  6.5512E+03  1.510484961E-018
  0.125 -5.206E+02   -2.5529  6.5514E+03  1.503138446E-018
  0.125 -5.115E+02   -2.5470  6.5516E+03  1.495134141E-018
  0.125 -5.023E+02   -2.5416  6.5518E+03  1.487723201E-018
  0.125 -4.932E+02   -2.5346  6.5520E+03  1.478289726E-018
  0.125 -4.841E+02   -2.5287  6.5522E+03  1.470409312E-018
  0.125 -4.749E+02   -2.5222  6.5524E+03  1.461646615E-018
  0.125 -4.658E+02   -2.5168  6.5526E+03  1.454541349E-018
  0.125 -4.567E+02   -2.5096  6.5528E+03  1.445035083E-018
  0.125 -4.475E+02   -2.5004  6.5530E+03  1.432977656E-018
  0.125 -4.384E+02   -2.4910  6.5532E+03  1.420621675E-018
  0.125 -4.293E+02   -2.4837  6.5534E+03  1.411225481E-018
  0.125 -4.201E+02   -2.4758  6.5536E+03  1.401006919E-018
  0.125 -4.110E+02   -2.4687  6.5538E+03  1.392028353E-018
  0.125 -4.019E+02   -2.4643  6.5540E+03  1.386444262E-018
  0.125 -3.927E+02   -2.4566  6.5542E+03  1.376752618E-018
  0.125 -3.836E+02   -2.4538  6.5544E+03  1.373281041E-018
  0.125 -3.744E+02   -2.4492  6.5546E+03  1.367541472E-018
  0.125 -3.653E+02   -2.4425  6.5548E+03  1.359294261E-018
  0.125 -3.562E+02   -2.4345  6.5550E+03  1.349347551E-018
  0.125 -3.470E+02   -2.4261  6.5552E+03  1.339023784E-018
  0.125 -3.379E+02   -2.4173  6.5554E+03  1.328361766E-018
  0.125 -3.288E+02   -2.4033  6.5556E+03  1.311349090E-018
  0.125 -3.196E+02   -2.3929  6.5558E+03  1.298972668E-018
  0.125 -3.105E+02   -2.3793  6.5560E+03  1.282833873E-018
  0.125 -3.014E+02   -2.3729  6.5562E+03  1.275349797E-018
  0.125 -2.922E+02   -2.3579  6.5564E+03  1.258025849E-018
  0.125 -2.831E+02   -2.3513  6.5566E+03  1.250423611E-018
  0.125 -2.739E+02   -2.3415  6.5568E+03  1.239261223E-018
  0.125 -2.648E+02   -2.3296  6.5570E+03  1.225835046E-018
  0.125 -2.557E+02   -2.3226  6.5572E+03  1.218077534E-018
  0.125 -2.465E+02   -2.3086  6.5574E+03  1.202507031E-018
  0.125 -2.374E+02   -2.2906  6.5576E+03  1.182765150E-018
  0.125 -2.283E+02   -2.2755  6.5578E+03  1.166479193E-018
  0.125 -2.191E+02   -2.2572  6.5580E+03  1.147061942E-018
  0.125 -2.100E+02   -2.2312  6.5582E+03  1.120063720E-018
  0.125 -2.009E+02   -2.2145  6.5584E+03  1.102967860E-018
  0.125 -1.917E+02   -2.1897  6.5586E+03  1.078204574E-018
  0.125 -1.826E+02   -2.1745  6.5588E+03  1.063265484E-018
  0.125 -1.734E+02   -2.1582  6.5590E+03  1.047490354E-018
  0.125 -1.643E+02   -2.1409  6.5592E+03  1.030942599E-018
  0.125 -1.552E+02   -2.1195  6.5594E+03  1.010911715E-018
  0.125 -1.460E+02   -2.1022  6.5596E+03  9.949473844E-019
  0.125 -1.369E+02   -2.0936  6.5598E+03  9.871690493E-019
  0.125 -1.278E+02   -2.0869  6.5600E+03  9.811564469E-019
  0.125 -1.186E+02   -2.0789  6.5602E+03  9.740582541E-019
  0.125 -1.095E+02   -2.0749  6.5604E+03  9.704727336E-019
  0.125 -1.004E+02   -2.0754  6.5606E+03  9.710013085E-019
  0.125 -9.122E+01   -2.0759  6.5608E+03  9.715529596E-019
  0.125 -8.209E+01   -2.0694  6.5610E+03  9.657679101E-019
  0.125 -7.295E+01   -2.0729  6.5612E+03  9.689866235E-019
  0.125 -6.382E+01   -2.0753  6.5614E+03  9.712038877E-019
  0.125 -5.468E+01   -2.0843  6.5616E+03  9.792967226E-019
  0.125 -4.554E+01   -2.0903  6.5618E+03  9.848034865E-019
  0.125 -3.641E+01   -2.1049  6.5620E+03  9.982075275E-019
  0.125 -2.727E+01   -2.1277  6.5622E+03  1.019416125E-018
  0.125 -1.814E+01   -2.1431  6.5624E+03  1.034072402E-018
  0.125 -8.999E+00   -2.1702  6.5626E+03  1.060281970E-018
  0.125  1.370E-01   -2.1903  6.5628E+03  1.080111947E-018
  0.125  9.273E+00   -2.2109  6.5630E+03  1.100898141E-018
  0.125  1.841E+01   -2.2365  6.5632E+03  1.127258045E-018
  0.125  2.755E+01   -2.2581  6.5634E+03  1.149927723E-018
  0.125  3.668E+01   -2.2783  6.5636E+03  1.171645543E-018
  0.125  4.582E+01   -2.2892  6.5638E+03  1.183454244E-018
  0.125  5.495E+01   -2.2942  6.5640E+03  1.189070879E-018
  0.125  6.409E+01   -2.2947  6.5642E+03  1.189700856E-018
  0.125  7.323E+01   -2.2942  6.5644E+03  1.189231032E-018
  0.125  8.236E+01   -2.2959  6.5646E+03  1.191136145E-018
  0.125  9.150E+01   -2.2988  6.5648E+03  1.194344548E-018
  0.125  1.006E+02   -2.3085  6.5650E+03  1.205212264E-018
  0.125  1.098E+02   -2.3195  6.5652E+03  1.217533172E-018
  0.125  1.189E+02   -2.3398  6.5654E+03  1.240555677E-018
  0.125  1.280E+02   -2.3567  6.5656E+03  1.260153168E-018
  0.125  1.372E+02   -2.3771  6.5658E+03  1.284083106E-018
  0.125  1.463E+02   -2.3937  6.5660E+03  1.303924930E-018
  0.125  1.555E+02   -2.4069  6.5662E+03  1.319933958E-018
  0.125  1.646E+02   -2.4198  6.5664E+03  1.335784635E-018
  0.125  1.737E+02   -2.4288  6.5666E+03  1.347064907E-018
  0.125  1.829E+02   -2.4368  6.5668E+03  1.357128423E-018
  0.125  1.920E+02   -2.4441  6.5670E+03  1.366318180E-018
  0.125  2.011E+02   -2.4515  6.5672E+03  1.375715060E-018
  0.125  2.103E+02   -2.4578  6.5674E+03  1.383880436E-018
  0.125  2.194E+02   -2.4654  6.5676E+03  1.393644522E-018
  0.125  2.285E+02   -2.4730  6.5678E+03  1.403532217E-018
  0.125  2.377E+02   -2.4790  6.5680E+03  1.411365797E-018
  0.125  2.468E+02   -2.4863  6.5682E+03  1.421049701E-018
  0.125  2.559E+02   -2.4935  6.5684E+03  1.430496835E-018
  0.125  2.651E+02   -2.5003  6.5686E+03  1.439596945E-018
  0.125  2.742E+02   -2.5065  6.5688E+03  1.447956424E-018
  0.125  2.834E+02   -2.5122  6.5690E+03  1.455628503E-018
  0.125  2.925E+02   -2.5183  6.5692E+03  1.463900893E-018
  0.125  3.016E+02   -2.5239  6.5694E+03  1.471604493E-018
  0.125  3.108E+02   -2.5293  6.5696E+03  1.479087313E-018
  0.125  3.199E+02   -2.5350  6.5698E+03  1.486846584E-018
  0.125  3.290E+02   -2.5401  6.5700E+03  1.493960762E-018
  0.125  3.382E+02   -2.5431  6.5702E+03  1.498183201E-018
  0.125  3.473E+02   -2.5476  6.5704E+03  1.504507717E-018
  0.125  3.564E+02   -2.5493  6.5706E+03  1.507028779E-018
  0.125  3.656E+02   -2.5520  6.5708E+03  1.510867720E-018
  0.125  3.747E+02   -2.5486  6.5710E+03  1.506164062E-018
  0.125  3.839E+02   -2.5580  6.5712E+03  1.519342627E-018
  0.125  3.930E+02   -2.5603  6.5714E+03  1.522739102E-018
  0.125  4.021E+02   -2.5651  6.5716E+03  1.529569512E-018
  0.125  4.113E+02   -2.5715  6.5718E+03  1.538627009E-018
  0.125  4.204E+02   -2.5792  6.5720E+03  1.549671442E-018
  0.125  4.295E+02   -2.5879  6.5722E+03  1.562358341E-018
  0.125  4.387E+02   -2.5882  6.5724E+03  1.562787369E-018
  0.125  4.478E+02   -2.5925  6.5726E+03  1.569054759E-018
  0.125  4.569E+02   -2.5989  6.5728E+03  1.578436249E-018
  0.125  4.661E+02   -2.6005  6.5730E+03  1.580878612E-018
  0.125  4.752E+02   -2.6003  6.5732E+03  1.580674028E-018
  0.125  4.844E+02   -2.6065  6.5734E+03  1.589882542E-018
  0.125  4.935E+02   -2.6116  6.5736E+03  1.597475913E-018
  0.125  5.026E+02   -2.6140  6.5738E+03  1.601045360E-018
  0.125  5.118E+02   -2.6163  6.5740E+03  1.604508063E-018
  0.125  5.209E+02   -2.6149  6.5742E+03  1.602644967E-018
  0.125  5.300E+02   -2.6164  6.5744E+03  1.604943187E-018
  0.125  5.392E+02   -2.6117  6.5746E+03  1.598038183E-018
  0.125  5.483E+02   -2.6196  6.5748E+03  1.609783403E-018
  0.125  5.574E+02   -2.6204  6.5750E+03  1.611157939E-018
  0.125  5.666E+02   -2.6246  6.5752E+03  1.617522541E-018
  0.125  5.757E+02   -2.6312  6.5754E+03  1.627361009E-018
  0.125  5.848E+02   -2.6311  6.5756E+03  1.627329393E-018
  0.125  5.940E+02   -2.6376  6.5758E+03  1.637243364E-018
  0.125  6.031E+02   -2.6352  6.5760E+03  1.633696272E-018
  0.125  6.123E+02   -2.6406  6.5762E+03  1.642020532E-018
  0.125  6.214E+02   -2.6343  6.5764E+03  1.632552759E-018
  0.125  6.305E+02   -2.6368  6.5766E+03  1.636413746E-018
  0.125  6.397E+02   -2.6342  6.5768E+03  1.632599823E-018
  0.125  6.488E+02   -2.6408  6.5770E+03  1.642751169E-018
  0.125  6.579E+02   -2.6458  6.5772E+03  1.650368695E-018
  0.125  6.671E+02   -2.6513  6.5774E+03  1.658793900E-018
  0.125  6.762E+02   -2.6549  6.5776E+03  1.664473588E-018
  0.125  6.853E+02   -2.6591  6.5778E+03  1.670983966E-018
  0.125  6.945E+02   -2.6666  6.5780E+03  1.682674115E-018
  0.125  7.036E+02   -2.6699  6.5782E+03  1.687908858E-018
  0.125  7.128E+02   -2.6718  6.5784E+03  1.690948643E-018
  0.125  7.219E+02   -2.6732  6.5786E+03  1.693319888E-018
  0.125  7.310E+02   -2.6747  6.5788E+03  1.695772839E-018
  0.125  7.402E+02   -2.6769  6.5790E+03  1.699220680E-018
  0.125  7.493E+02   -2.6782  6.5792E+03  1.701422485E-018
  0.125  7.584E+02   -2.6792  6.5794E+03  1.703064003E-018
  0.125  7.676E+02   -2.6809  6.5796E+03  1.705905325E-018
  0.125  7.767E+02   -2.6826  6.5798E+03  1.708645560E-018

  0.250 -7.764E+02   -2.5848  6.5458E+03  1.545354436E-018
  0.250 -7.673E+02   -2.5667  6.5460E+03  1.519918214E-018
  0.250 -7.582E+02   -2.5787  6.5462E+03  1.536864195E-018
  0.250 -7.490E+02   -2.5629  6.5464E+03  1.514828766E-018
  0.250 -7.399E+02   -2.5740  6.5466E+03  1.530397570E-018
  0.250 -7.308E+02   -2.5590  6.5468E+03  1.509531367E-018
  0.250 -7.216E+02   -2.5671  6.5470E+03  1.520937554E-018
  0.250 -7.125E+02   -2.5586  6.5472E+03  1.509146128E-018
  0.250 -7.033E+02   -2.5631  6.5474E+03  1.515514946E-018
  0.250 -6.942E+02   -2.5557  6.5476E+03  1.505360555E-018
  0.250 -6.851E+02   -2.5575  6.5478E+03  1.507916420E-018
  0.250 -6.759E+02   -2.5536  6.5480E+03  1.502507658E-018
  0.250 -6.668E+02   -2.5530  6.5482E+03  1.501885148E-018
  0.250 -6.577E+02   -2.5510  6.5484E+03  1.499163891E-018
  0.250 -6.485E+02   -2.5524  6.5486E+03  1.501218017E-018
  0.250 -6.394E+02   -2.5482  6.5488E+03  1.495509479E-018
  0.250 -6.303E+02   -2.5462  6.5490E+03  1.492788702E-018
  0.250 -6.211E+02   -2.5421  6.5492E+03  1.487242249E-018
  0.250 -6.120E+02   -2.5393  6.5494E+03  1.483588614E-018
  0.250 -6.028E+02   -2.5353  6.5496E+03  1.478209239E-018
  0.250 -5.937E+02   -2.5317  6.5498E+03  1.473446803E-018
  0.250 -5.846E+02   -2.5278  6.5500E+03  1.468210984E-018
  0.250 -5.754E+02   -2.5240  6.5502E+03  1.463141110E-018
  0.250 -5.663E+02   -2.5202  6.5504E+03  1.458166707E-018
  0.250 -5.572E+02   -2.5159  6.5506E+03  1.452408113E-018
  0.250 -5.480E+02   -2.5114  6.5508E+03  1.446508251E-018
  0.250 -5.389E+02   -2.5062  6.5510E+03  1.439666213E-018
  0.250 -5.298E+02   -2.5020  6.5512E+03  1.434188514E-018
  0.250 -5.206E+02   -2.4973  6.5514E+03  1.428066225E-018
  0.250 -5.115E+02   -2.4930  6.5516E+03  1.422579442E-018
  0.250 -5.023E+02   -2.4884  6.5518E+03  1.416581372E-018
  0.250 -4.932E+02   -2.4842  6.5520E+03  1.411223724E-018
  0.250 -4.841E+02   -2.4794  6.5522E+03  1.405118953E-018
  0.250 -4.749E+02   -2.4754  6.5524E+03  1.400081226E-018
  0.250 -4.658E+02   -2.4715  6.5526E+03  1.395046624E-018
  0.250 -4.567E+02   -2.4665  6.5528E+03  1.388839653E-018
  0.250 -4.475E+02   -2.4611  6.5530E+03  1.381996529E-018
  0.250 -4.384E+02   -2.4559  6.5532E+03  1.375465357E-018
  0.250 -4.293E+02   -2.4492  6.5534E+03  1.367048438E-018
  0.250 -4.201E+02   -2.4430  6.5536E+03  1.359354095E-018
  0.250 -4.110E+02   -2.4367  6.5538E+03  1.351621326E-018
  0.250 -4.019E+02   -2.4305  6.5540E+03  1.343918523E-018
  0.250 -3.927E+02   -2.4238  6.5542E+03  1.335744231E-018
  0.250 -3.836E+02   -2.4178  6.5544E+03  1.328543104E-018
  0.250 -3.744E+02   -2.4113  6.5546E+03  1.320689219E-018
  0.250 -3.653E+02   -2.4043  6.5548E+03  1.312274938E-018
  0.250 -3.562E+02   -2.3977  6.5550E+03  1.304396242E-018
  0.250 -3.470E+02   -2.3915  6.5552E+03  1.297050513E-018
  0.250 -3.379E+02   -2.3829  6.5554E+03  1.286886618E-018
  0.250 -3.288E+02   -2.3755  6.5556E+03  1.278240630E-018
  0.250 -3.196E+02   -2.3680  6.5558E+03  1.269454928E-018
  0.250 -3.105E+02   -2.3598  6.5560E+03  1.259968523E-018
  0.250 -3.014E+02   -2.3520  6.5562E+03  1.251092465E-018
  0.250 -2.922E+02   -2.3452  6.5564E+03  1.243362976E-018
  0.250 -2.831E+02   -2.3370  6.5566E+03  1.234063705E-018
  0.250 -2.739E+02   -2.3288  6.5568E+03  1.224875792E-018
  0.250 -2.648E+02   -2.3218  6.5570E+03  1.217094788E-018
  0.250 -2.557E+02   -2.3130  6.5572E+03  1.207296020E-018
  0.250 -2.465E+02   -2.3036  6.5574E+03  1.197011704E-018
  0.250 -2.374E+02   -2.2944  6.5576E+03  1.186892407E-018
  0.250 -2.283E+02   -2.2851  6.5578E+03  1.176925793E-018
  0.250 -2.191E+02   -2.2749  6.5580E+03  1.165952042E-018
  0.250 -2.100E+02   -2.2652  6.5582E+03  1.155661910E-018
  0.250 -2.009E+02   -2.2543  6.5584E+03  1.144174915E-018
  0.250 -1.917E+02   -2.2443  6.5586E+03  1.133710754E-018
  0.250 -1.826E+02   -2.2314  6.5588E+03  1.120408905E-018
  0.250 -1.734E+02   -2.2201  6.5590E+03  1.108952314E-018
  0.250 -1.643E+02   -2.2076  6.5592E+03  1.096300725E-018
  0.250 -1.552E+02   -2.1955  6.5594E+03  1.084172960E-018
  0.250 -1.460E+02   -2.1814  6.5596E+03  1.070260334E-018
  0.250 -1.369E+02   -2.1675  6.5598E+03  1.056678987E-018
  0.250 -1.278E+02   -2.1469  6.5600E+03  1.036926507E-018
  0.250 -1.186E+02   -2.1268  6.5602E+03  1.017964194E-018
  0.250 -1.095E+02   -2.1004  6.5604E+03  9.935804060E-019
  0.250 -1.004E+02   -2.0779  6.5606E+03  9.732972151E-019
  0.250 -9.122E+01   -2.0487  6.5608E+03  9.474492235E-019
  0.250 -8.209E+01   -2.0272  6.5610E+03  9.289941620E-019
  0.250 -7.295E+01   -2.0031  6.5612E+03  9.086136995E-019
  0.250 -6.382E+01   -1.9844  6.5614E+03  8.931490014E-019
  0.250 -5.468E+01   -1.9647  6.5616E+03  8.771641209E-019
  0.250 -4.554E+01   -1.9482  6.5618E+03  8.639828144E-019
  0.250 -3.641E+01   -1.9323  6.5620E+03  8.515071784E-019
  0.250 -2.727E+01   -1.9194  6.5622E+03  8.414350211E-019
  0.250 -1.814E+01   -1.9100  6.5624E+03  8.342302777E-019
  0.250 -8.999E+00   -1.9024  6.5626E+03  8.285111477E-019
  0.250  1.370E-01   -1.9002  6.5628E+03  8.268892382E-019
  0.250  9.273E+00   -1.9008  6.5630E+03  8.273634865E-019
  0.250  1.841E+01   -1.9061  6.5632E+03  8.314868869E-019
  0.250  2.755E+01   -1.9141  6.5634E+03  8.376552051E-019
  0.250  3.668E+01   -1.9270  6.5636E+03  8.477716087E-019
  0.250  4.582E+01   -1.9420  6.5638E+03  8.596223879E-019
  0.250  5.495E+01   -1.9593  6.5640E+03  8.734083330E-019
  0.250  6.409E+01   -1.9785  6.5642E+03  8.891050506E-019
  0.250  7.323E+01   -1.9994  6.5644E+03  9.064409384E-019
  0.250  8.236E+01   -2.0224  6.5646E+03  9.259038765E-019
  0.250  9.150E+01   -2.0444  6.5648E+03  9.448517113E-019
  0.250  1.006E+02   -2.0722  6.5650E+03  9.694290250E-019
  0.250  1.098E+02   -2.0965  6.5652E+03  9.914554938E-019
  0.250  1.189E+02   -2.1224  6.5654E+03  1.015446812E-018
  0.250  1.280E+02   -2.1431  6.5656E+03  1.035087644E-018
  0.250  1.372E+02   -2.1632  6.5658E+03  1.054512435E-018
  0.250  1.463E+02   -2.1778  6.5660E+03  1.068765095E-018
  0.250  1.555E+02   -2.1906  6.5662E+03  1.081574587E-018
  0.250  1.646E+02   -2.2031  6.5664E+03  1.094151183E-018
  0.250  1.737E+02   -2.2148  6.5666E+03  1.106041068E-018
  0.250  1.829E+02   -2.2262  6.5668E+03  1.117805131E-018
  0.250  1.920E+02   -2.2370  6.5670E+03  1.129074749E-018
  0.250  2.011E+02   -2.2476  6.5672E+03  1.140161245E-018
  0.250  2.103E+02   -2.2578  6.5674E+03  1.151044218E-018
  0.250  2.194E+02   -2.2676  6.5676E+03  1.161515850E-018
  0.250  2.285E+02   -2.2774  6.5678E+03  1.172104257E-018
  0.250  2.377E+02   -2.2866  6.5680E+03  1.182138815E-018
  0.250  2.468E+02   -2.2959  6.5682E+03  1.192435330E-018
  0.250  2.559E+02   -2.3031  6.5684E+03  1.200457629E-018
  0.250  2.651E+02   -2.3109  6.5686E+03  1.209202022E-018
  0.250  2.742E+02   -2.3191  6.5688E+03  1.218362033E-018
  0.250  2.834E+02   -2.3268  6.5690E+03  1.227125945E-018
  0.250  2.925E+02   -2.3345  6.5692E+03  1.235929719E-018
  0.250  3.016E+02   -2.3426  6.5694E+03  1.245308910E-018
  0.250  3.108E+02   -2.3508  6.5696E+03  1.254789626E-018
  0.250  3.199E+02   -2.3584  6.5698E+03  1.263733941E-018
  0.250  3.290E+02   -2.3663  6.5700E+03  1.272987791E-018
  0.250  3.382E+02   -2.3751  6.5702E+03  1.283466379E-018
  0.250  3.473E+02   -2.3816  6.5704E+03  1.291240662E-018
  0.250  3.564E+02   -2.3882  6.5706E+03  1.299139336E-018
  0.250  3.656E+02   -2.3948  6.5708E+03  1.307164940E-018
  0.250  3.747E+02   -2.4009  6.5710E+03  1.314663938E-018
  0.250  3.839E+02   -2.4074  6.5712E+03  1.322558576E-018
  0.250  3.930E+02   -2.4132  6.5714E+03  1.329796284E-018
  0.250  4.021E+02   -2.4195  6.5716E+03  1.337611362E-018
  0.250  4.113E+02   -2.4250  6.5718E+03  1.344445710E-018
  0.250  4.204E+02   -2.4293  6.5720E+03  1.349921307E-018
  0.250  4.295E+02   -2.4321  6.5722E+03  1.353476604E-018
  0.250  4.387E+02   -2.4394  6.5724E+03  1.362630036E-018
  0.250  4.478E+02   -2.4419  6.5726E+03  1.365872403E-018
  0.250  4.569E+02   -2.4489  6.5728E+03  1.374771405E-018
  0.250  4.661E+02   -2.4524  6.5730E+03  1.379353894E-018
  0.250  4.752E+02   -2.4595  6.5732E+03  1.388423026E-018
  0.250  4.844E+02   -2.4623  6.5734E+03  1.392114435E-018
  0.250  4.935E+02   -2.4676  6.5736E+03  1.399074574E-018
  0.250  5.026E+02   -2.4732  6.5738E+03  1.406394691E-018
  0.250  5.118E+02   -2.4770  6.5740E+03  1.411299954E-018
  0.250  5.209E+02   -2.4800  6.5742E+03  1.415320113E-018
  0.250  5.300E+02   -2.4819  6.5744E+03  1.417880306E-018
  0.250  5.392E+02   -2.4875  6.5746E+03  1.425321566E-018
  0.250  5.483E+02   -2.4889  6.5748E+03  1.427323870E-018
  0.250  5.574E+02   -2.4951  6.5750E+03  1.435508200E-018
  0.250  5.666E+02   -2.4977  6.5752E+03  1.439073159E-018
  0.250  5.757E+02   -2.5050  6.5754E+03  1.448862105E-018
  0.250  5.848E+02   -2.5052  6.5756E+03  1.449141079E-018
  0.250  5.940E+02   -2.5127  6.5758E+03  1.459290509E-018
  0.250  6.031E+02   -2.5144  6.5760E+03  1.461665047E-018
  0.250  6.123E+02   -2.5216  6.5762E+03  1.471516254E-018
  0.250  6.214E+02   -2.5216  6.5764E+03  1.471673984E-018
  0.250  6.305E+02   -2.5280  6.5766E+03  1.480424601E-018
  0.250  6.397E+02   -2.5287  6.5768E+03  1.481508001E-018
  0.250  6.488E+02   -2.5343  6.5770E+03  1.489246600E-018
  0.250  6.579E+02   -2.5371  6.5772E+03  1.493094317E-018
  0.250  6.671E+02   -2.5402  6.5774E+03  1.497498175E-018
  0.250  6.762E+02   -2.5425  6.5776E+03  1.500715938E-018
  0.250  6.853E+02   -2.5458  6.5778E+03  1.505399544E-018
  0.250  6.945E+02   -2.5476  6.5780E+03  1.507977390E-018
  0.250  7.036E+02   -2.5511  6.5782E+03  1.512911474E-018
  0.250  7.128E+02   -2.5524  6.5784E+03  1.514949754E-018
  0.250  7.219E+02   -2.5560  6.5786E+03  1.519978135E-018
  0.250  7.310E+02   -2.5571  6.5788E+03  1.521660521E-018
  0.250  7.402E+02   -2.5606  6.5790E+03  1.526634700E-018
  0.250  7.493E+02   -2.5616  6.5792E+03  1.528136580E-018
  0.250  7.584E+02   -2.5648  6.5794E+03  1.532780133E-018
  0.250  7.676E+02   -2.5658  6.5796E+03  1.534324800E-018
  0.250  7.767E+02   -2.5689  6.5798E+03  1.538790601E-018

  0.375 -7.764E+02   -2.6879  6.5458E+03  1.699233584E-018
  0.375 -7.673E+02   -2.6916  6.5460E+03  1.705224405E-018
  0.375 -7.582E+02   -2.6853  6.5462E+03  1.695489657E-018
  0.375 -7.490E+02   -2.6929  6.5464E+03  1.707373311E-018
  0.375 -7.399E+02   -2.6921  6.5466E+03  1.706260912E-018
  0.375 -7.308E+02   -2.6894  6.5468E+03  1.702095633E-018
  0.375 -7.216E+02   -2.6787  6.5470E+03  1.685484798E-018
  0.375 -7.125E+02   -2.6788  6.5472E+03  1.685856702E-018
  0.375 -7.033E+02   -2.6854  6.5474E+03  1.696276885E-018
  0.375 -6.942E+02   -2.6816  6.5476E+03  1.690440999E-018
  0.375 -6.851E+02   -2.6717  6.5478E+03  1.675184052E-018
  0.375 -6.759E+02   -2.6696  6.5480E+03  1.672077104E-018
  0.375 -6.668E+02   -2.6744  6.5482E+03  1.679568255E-018
  0.375 -6.577E+02   -2.6674  6.5484E+03  1.668785447E-018
  0.375 -6.485E+02   -2.6655  6.5486E+03  1.665949254E-018
  0.375 -6.394E+02   -2.6617  6.5488E+03  1.660266811E-018
  0.375 -6.303E+02   -2.6594  6.5490E+03  1.656947039E-018
  0.375 -6.211E+02   -2.6474  6.5492E+03  1.638720744E-018
  0.375 -6.120E+02   -2.6494  6.5494E+03  1.641935237E-018
  0.375 -6.028E+02   -2.6523  6.5496E+03  1.646438451E-018
  0.375 -5.937E+02   -2.6507  6.5498E+03  1.644031404E-018
  0.375 -5.846E+02   -2.6428  6.5500E+03  1.632226503E-018
  0.375 -5.754E+02   -2.6460  6.5502E+03  1.637135271E-018
  0.375 -5.663E+02   -2.6520  6.5504E+03  1.646287348E-018
  0.375 -5.572E+02   -2.6498  6.5506E+03  1.643025747E-018
  0.375 -5.480E+02   -2.6468  6.5508E+03  1.638710146E-018
  0.375 -5.389E+02   -2.6441  6.5510E+03  1.634709506E-018
  0.375 -5.298E+02   -2.6413  6.5512E+03  1.630516420E-018
  0.375 -5.206E+02   -2.6334  6.5514E+03  1.618866283E-018
  0.375 -5.115E+02   -2.6287  6.5516E+03  1.611946008E-018
  0.375 -5.023E+02   -2.6232  6.5518E+03  1.603898390E-018
  0.375 -4.932E+02   -2.6190  6.5520E+03  1.597872151E-018
  0.375 -4.841E+02   -2.6176  6.5522E+03  1.595896735E-018
  0.375 -4.749E+02   -2.6092  6.5524E+03  1.583681929E-018
  0.375 -4.658E+02   -2.6093  6.5526E+03  1.583922968E-018
  0.375 -4.567E+02   -2.6059  6.5528E+03  1.578995728E-018
  0.375 -4.475E+02   -2.6037  6.5530E+03  1.575908437E-018
  0.375 -4.384E+02   -2.5978  6.5532E+03  1.567460429E-018
  0.375 -4.293E+02   -2.5930  6.5534E+03  1.560623166E-018
  0.375 -4.201E+02   -2.5834  6.5536E+03  1.546977875E-018
  0.375 -4.110E+02   -2.5813  6.5538E+03  1.544153055E-018
  0.375 -4.019E+02   -2.5767  6.5540E+03  1.537685031E-018
  0.375 -3.927E+02   -2.5728  6.5542E+03  1.532321950E-018
  0.375 -3.836E+02   -2.5714  6.5544E+03  1.530370873E-018
  0.375 -3.744E+02   -2.5667  6.5546E+03  1.523826537E-018
  0.375 -3.653E+02   -2.5691  6.5548E+03  1.527290759E-018
  0.375 -3.562E+02   -2.5631  6.5550E+03  1.519007452E-018
  0.375 -3.470E+02   -2.5589  6.5552E+03  1.513231124E-018
  0.375 -3.379E+02   -2.5533  6.5554E+03  1.505534350E-018
  0.375 -3.288E+02   -2.5488  6.5556E+03  1.499369300E-018
  0.375 -3.196E+02   -2.5435  6.5558E+03  1.492164137E-018
  0.375 -3.105E+02   -2.5380  6.5560E+03  1.484742005E-018
  0.375 -3.014E+02   -2.5329  6.5562E+03  1.477870197E-018
  0.375 -2.922E+02   -2.5268  6.5564E+03  1.469760338E-018
  0.375 -2.831E+02   -2.5215  6.5566E+03  1.462699470E-018
  0.375 -2.739E+02   -2.5121  6.5568E+03  1.450157851E-018
  0.375 -2.648E+02   -2.5051  6.5570E+03  1.440912140E-018
  0.375 -2.557E+02   -2.4973  6.5572E+03  1.430661434E-018
  0.375 -2.465E+02   -2.4883  6.5574E+03  1.418899686E-018
  0.375 -2.374E+02   -2.4840  6.5576E+03  1.413387124E-018
  0.375 -2.283E+02   -2.4723  6.5578E+03  1.398299345E-018
  0.375 -2.191E+02   -2.4673  6.5580E+03  1.391989473E-018
  0.375 -2.100E+02   -2.4606  6.5582E+03  1.383569494E-018
  0.375 -2.009E+02   -2.4544  6.5584E+03  1.375761796E-018
  0.375 -1.917E+02   -2.4486  6.5586E+03  1.368429674E-018
  0.375 -1.826E+02   -2.4392  6.5588E+03  1.356725420E-018
  0.375 -1.734E+02   -2.4322  6.5590E+03  1.348171925E-018
  0.375 -1.643E+02   -2.4245  6.5592E+03  1.338733196E-018
  0.375 -1.552E+02   -2.4164  6.5594E+03  1.328783325E-018
  0.375 -1.460E+02   -2.4056  6.5596E+03  1.315767089E-018
  0.375 -1.369E+02   -2.3900  6.5598E+03  1.297014960E-018
  0.375 -1.278E+02   -2.3717  6.5600E+03  1.275479258E-018
  0.375 -1.186E+02   -2.3522  6.5602E+03  1.252778405E-018
  0.375 -1.095E+02   -2.3339  6.5604E+03  1.231919989E-018
  0.375 -1.004E+02   -2.3148  6.5606E+03  1.210581176E-018
  0.375 -9.122E+01   -2.3038  6.5608E+03  1.198394298E-018
  0.375 -8.209E+01   -2.2949  6.5610E+03  1.188729701E-018
  0.375 -7.295E+01   -2.2909  6.5612E+03  1.184381101E-018
  0.375 -6.382E+01   -2.2931  6.5614E+03  1.186892680E-018
  0.375 -5.468E+01   -2.2899  6.5616E+03  1.183434204E-018
  0.375 -4.554E+01   -2.2891  6.5618E+03  1.182647947E-018
  0.375 -3.641E+01   -2.2796  6.5620E+03  1.172407156E-018
  0.375 -2.727E+01   -2.2668  6.5622E+03  1.158759805E-018
  0.375 -1.814E+01   -2.2459  6.5624E+03  1.136754988E-018
  0.375 -8.999E+00   -2.2224  6.5626E+03  1.112475377E-018
  0.375  1.370E-01   -2.2000  6.5628E+03  1.089867087E-018
  0.375  9.273E+00   -2.1782  6.5630E+03  1.068219940E-018
  0.375  1.841E+01   -2.1589  6.5632E+03  1.049489855E-018
  0.375  2.755E+01   -2.1390  6.5634E+03  1.030465496E-018
  0.375  3.668E+01   -2.1179  6.5636E+03  1.010669772E-018
  0.375  4.582E+01   -2.1025  6.5638E+03  9.964882312E-019
  0.375  5.495E+01   -2.0921  6.5640E+03  9.871000558E-019
  0.375  6.409E+01   -2.0875  6.5642E+03  9.830014192E-019
  0.375  7.323E+01   -2.0793  6.5644E+03  9.756748377E-019
  0.375  8.236E+01   -2.0761  6.5646E+03  9.728260099E-019
  0.375  9.150E+01   -2.0763  6.5648E+03  9.730644127E-019
  0.375  1.006E+02   -2.0753  6.5650E+03  9.722186844E-019
  0.375  1.098E+02   -2.0753  6.5652E+03  9.723166366E-019
  0.375  1.189E+02   -2.0797  6.5654E+03  9.763106894E-019
  0.375  1.280E+02   -2.0878  6.5656E+03  9.836600682E-019
  0.375  1.372E+02   -2.0926  6.5658E+03  9.881264598E-019
  0.375  1.463E+02   -2.1031  6.5660E+03  9.977280292E-019
  0.375  1.555E+02   -2.1184  6.5662E+03  1.011979257E-018
  0.375  1.646E+02   -2.1304  6.5664E+03  1.023312229E-018
  0.375  1.737E+02   -2.1472  6.5666E+03  1.039267752E-018
  0.375  1.829E+02   -2.1637  6.5668E+03  1.055262345E-018
  0.375  1.920E+02   -2.1829  6.5670E+03  1.074145011E-018
  0.375  2.011E+02   -2.2082  6.5672E+03  1.099562479E-018
  0.375  2.103E+02   -2.2269  6.5674E+03  1.118686940E-018
  0.375  2.194E+02   -2.2568  6.5676E+03  1.150067892E-018
  0.375  2.285E+02   -2.2772  6.5678E+03  1.171929130E-018
  0.375  2.377E+02   -2.2991  6.5680E+03  1.195847895E-018
  0.375  2.468E+02   -2.3113  6.5682E+03  1.209475130E-018
  0.375  2.559E+02   -2.3210  6.5684E+03  1.220444550E-018
  0.375  2.651E+02   -2.3310  6.5686E+03  1.231782815E-018
  0.375  2.742E+02   -2.3415  6.5688E+03  1.243745216E-018
  0.375  2.834E+02   -2.3502  6.5690E+03  1.253891307E-018
  0.375  2.925E+02   -2.3613  6.5692E+03  1.266805573E-018
  0.375  3.016E+02   -2.3697  6.5694E+03  1.276752716E-018
  0.375  3.108E+02   -2.3802  6.5696E+03  1.289290898E-018
  0.375  3.199E+02   -2.3882  6.5698E+03  1.298870681E-018
  0.375  3.290E+02   -2.3904  6.5700E+03  1.301527276E-018
  0.375  3.382E+02   -2.3956  6.5702E+03  1.307953266E-018
  0.375  3.473E+02   -2.4017  6.5704E+03  1.315297286E-018
  0.375  3.564E+02   -2.4061  6.5706E+03  1.320725438E-018
  0.375  3.656E+02   -2.4185  6.5708E+03  1.336052061E-018
  0.375  3.747E+02   -2.4224  6.5710E+03  1.340947998E-018
  0.375  3.839E+02   -2.4363  6.5712E+03  1.358248010E-018
  0.375  3.930E+02   -2.4404  6.5714E+03  1.363519025E-018
  0.375  4.021E+02   -2.4538  6.5716E+03  1.380481406E-018
  0.375  4.113E+02   -2.4569  6.5718E+03  1.384549634E-018
  0.375  4.204E+02   -2.4617  6.5720E+03  1.390822298E-018
  0.375  4.295E+02   -2.4647  6.5722E+03  1.394645517E-018
  0.375  4.387E+02   -2.4641  6.5724E+03  1.394007099E-018
  0.375  4.478E+02   -2.4724  6.5726E+03  1.404805750E-018
  0.375  4.569E+02   -2.4775  6.5728E+03  1.411525296E-018
  0.375  4.661E+02   -2.4935  6.5730E+03  1.432519706E-018
  0.375  4.752E+02   -2.4964  6.5732E+03  1.436394350E-018
  0.375  4.844E+02   -2.5075  6.5734E+03  1.451258536E-018
  0.375  4.935E+02   -2.5149  6.5736E+03  1.461388857E-018
  0.375  5.026E+02   -2.5277  6.5738E+03  1.478773671E-018
  0.375  5.118E+02   -2.5344  6.5740E+03  1.487918030E-018
  0.375  5.209E+02   -2.5393  6.5742E+03  1.494764265E-018
  0.375  5.300E+02   -2.5419  6.5744E+03  1.498491423E-018
  0.375  5.392E+02   -2.5476  6.5746E+03  1.506489457E-018
  0.375  5.483E+02   -2.5539  6.5748E+03  1.515320287E-018
  0.375  5.574E+02   -2.5583  6.5750E+03  1.521520634E-018
  0.375  5.666E+02   -2.5599  6.5752E+03  1.523930743E-018
  0.375  5.757E+02   -2.5668  6.5754E+03  1.533720302E-018
  0.375  5.848E+02   -2.5716  6.5756E+03  1.540576481E-018
  0.375  5.940E+02   -2.5724  6.5758E+03  1.541759920E-018
  0.375  6.031E+02   -2.5786  6.5760E+03  1.550723235E-018
  0.375  6.123E+02   -2.5841  6.5762E+03  1.558682856E-018
  0.375  6.214E+02   -2.5871  6.5764E+03  1.563125673E-018
  0.375  6.305E+02   -2.5860  6.5766E+03  1.561666685E-018
  0.375  6.397E+02   -2.5935  6.5768E+03  1.572605759E-018
  0.375  6.488E+02   -2.5991  6.5770E+03  1.580759089E-018
  0.375  6.579E+02   -2.6014  6.5772E+03  1.584237050E-018
  0.375  6.671E+02   -2.5999  6.5774E+03  1.582222118E-018
  0.375  6.762E+02   -2.6076  6.5776E+03  1.593478606E-018
  0.375  6.853E+02   -2.6115  6.5778E+03  1.599275234E-018
  0.375  6.945E+02   -2.6117  6.5780E+03  1.599746289E-018
  0.375  7.036E+02   -2.6156  6.5782E+03  1.605647813E-018
  0.375  7.128E+02   -2.6148  6.5784E+03  1.604574234E-018
  0.375  7.219E+02   -2.6180  6.5786E+03  1.609341883E-018
  0.375  7.310E+02   -2.6161  6.5788E+03  1.606639085E-018
  0.375  7.402E+02   -2.6202  6.5790E+03  1.612826293E-018
  0.375  7.493E+02   -2.6268  6.5792E+03  1.622724101E-018
  0.375  7.584E+02   -2.6254  6.5794E+03  1.620751480E-018
  0.375  7.676E+02   -2.6331  6.5796E+03  1.632336743E-018
  0.375  7.767E+02   -2.6366  6.5798E+03  1.637753166E-018

  0.500 -7.764E+02   -2.6860  6.5458E+03  1.696309892E-018
  0.500 -7.673E+02   -2.6850  6.5460E+03  1.694826804E-018
  0.500 -7.582E+02   -2.6833  6.5462E+03  1.692314204E-018
  0.500 -7.490E+02   -2.6821  6.5464E+03  1.690550223E-018
  0.500 -7.399E+02   -2.6739  6.5466E+03  1.677951486E-018
  0.500 -7.308E+02   -2.6777  6.5468E+03  1.683970160E-018
  0.500 -7.216E+02   -2.6672  6.5470E+03  1.667786164E-018
  0.500 -7.125E+02   -2.6736  6.5472E+03  1.677765856E-018
  0.500 -7.033E+02   -2.6607  6.5474E+03  1.658108397E-018
  0.500 -6.942E+02   -2.6698  6.5476E+03  1.672175640E-018
  0.500 -6.851E+02   -2.6535  6.5478E+03  1.647251856E-018
  0.500 -6.759E+02   -2.6619  6.5480E+03  1.660235066E-018
  0.500 -6.668E+02   -2.6454  6.5482E+03  1.635258938E-018
  0.500 -6.577E+02   -2.6555  6.5484E+03  1.650588815E-018
  0.500 -6.485E+02   -2.6417  6.5486E+03  1.629930749E-018
  0.500 -6.394E+02   -2.6504  6.5488E+03  1.643080176E-018
  0.500 -6.303E+02   -2.6395  6.5490E+03  1.626765524E-018
  0.500 -6.211E+02   -2.6476  6.5492E+03  1.639007698E-018
  0.500 -6.120E+02   -2.6416  6.5494E+03  1.630073570E-018
  0.500 -6.028E+02   -2.6472  6.5496E+03  1.638689513E-018
  0.500 -5.937E+02   -2.6415  6.5498E+03  1.630162785E-018
  0.500 -5.846E+02   -2.6416  6.5500E+03  1.630381336E-018
  0.500 -5.754E+02   -2.6384  6.5502E+03  1.625740092E-018
  0.500 -5.663E+02   -2.6347  6.5504E+03  1.620364127E-018
  0.500 -5.572E+02   -2.6311  6.5506E+03  1.615073364E-018
  0.500 -5.480E+02   -2.6250  6.5508E+03  1.606091435E-018
  0.500 -5.389E+02   -2.6245  6.5510E+03  1.605419585E-018
  0.500 -5.298E+02   -2.6188  6.5512E+03  1.597150460E-018
  0.500 -5.206E+02   -2.6194  6.5514E+03  1.598154188E-018
  0.500 -5.115E+02   -2.6181  6.5516E+03  1.596264183E-018
  0.500 -5.023E+02   -2.6148  6.5518E+03  1.591576230E-018
  0.500 -4.932E+02   -2.6133  6.5520E+03  1.589427192E-018
  0.500 -4.841E+02   -2.6117  6.5522E+03  1.587256738E-018
  0.500 -4.749E+02   -2.6047  6.5524E+03  1.577114543E-018
  0.500 -4.658E+02   -2.5995  6.5526E+03  1.569611050E-018
  0.500 -4.567E+02   -2.5949  6.5528E+03  1.563186538E-018
  0.500 -4.475E+02   -2.5915  6.5530E+03  1.558337999E-018
  0.500 -4.384E+02   -2.5879  6.5532E+03  1.553281860E-018
  0.500 -4.293E+02   -2.5864  6.5534E+03  1.551211502E-018
  0.500 -4.201E+02   -2.5837  6.5536E+03  1.547411873E-018
  0.500 -4.110E+02   -2.5826  6.5538E+03  1.545942244E-018
  0.500 -4.019E+02   -2.5823  6.5540E+03  1.545650784E-018
  0.500 -3.927E+02   -2.5782  6.5542E+03  1.539880732E-018
  0.500 -3.836E+02   -2.5740  6.5544E+03  1.534071161E-018
  0.500 -3.744E+02   -2.5700  6.5546E+03  1.528491102E-018
  0.500 -3.653E+02   -2.5663  6.5548E+03  1.523453456E-018
  0.500 -3.562E+02   -2.5619  6.5550E+03  1.517303229E-018
  0.500 -3.470E+02   -2.5575  6.5552E+03  1.511304205E-018
  0.500 -3.379E+02   -2.5533  6.5554E+03  1.505543108E-018
  0.500 -3.288E+02   -2.5489  6.5556E+03  1.499555247E-018
  0.500 -3.196E+02   -2.5434  6.5558E+03  1.492061250E-018
  0.500 -3.105E+02   -2.5358  6.5560E+03  1.481789233E-018
  0.500 -3.014E+02   -2.5298  6.5562E+03  1.473677990E-018
  0.500 -2.922E+02   -2.5230  6.5564E+03  1.464569971E-018
  0.500 -2.831E+02   -2.5174  6.5566E+03  1.457110661E-018
  0.500 -2.739E+02   -2.5105  6.5568E+03  1.448044816E-018
  0.500 -2.648E+02   -2.5045  6.5570E+03  1.440060212E-018
  0.500 -2.557E+02   -2.4984  6.5572E+03  1.432154595E-018
  0.500 -2.465E+02   -2.4940  6.5574E+03  1.426361922E-018
  0.500 -2.374E+02   -2.4895  6.5576E+03  1.420571479E-018
  0.500 -2.283E+02   -2.4831  6.5578E+03  1.412322740E-018
  0.500 -2.191E+02   -2.4766  6.5580E+03  1.403923765E-018
  0.500 -2.100E+02   -2.4706  6.5582E+03  1.396301335E-018
  0.500 -2.009E+02   -2.4643  6.5584E+03  1.388304281E-018
  0.500 -1.917E+02   -2.4569  6.5586E+03  1.379004685E-018
  0.500 -1.826E+02   -2.4464  6.5588E+03  1.365861881E-018
  0.500 -1.734E+02   -2.4320  6.5590E+03  1.347840077E-018
  0.500 -1.643E+02   -2.4154  6.5592E+03  1.327534888E-018
  0.500 -1.552E+02   -2.3989  6.5594E+03  1.307539350E-018
  0.500 -1.460E+02   -2.3835  6.5596E+03  1.289189208E-018
  0.500 -1.369E+02   -2.3704  6.5598E+03  1.273912979E-018
  0.500 -1.278E+02   -2.3618  6.5600E+03  1.263867490E-018
  0.500 -1.186E+02   -2.3570  6.5602E+03  1.258421866E-018
  0.500 -1.095E+02   -2.3567  6.5604E+03  1.258074323E-018
  0.500 -1.004E+02   -2.3578  6.5606E+03  1.259447007E-018
  0.500 -9.122E+01   -2.3583  6.5608E+03  1.260092665E-018
  0.500 -8.209E+01   -2.3562  6.5610E+03  1.257792913E-018
  0.500 -7.295E+01   -2.3520  6.5612E+03  1.252971288E-018
  0.500 -6.382E+01   -2.3453  6.5614E+03  1.245359731E-018
  0.500 -5.468E+01   -2.3370  6.5616E+03  1.235894849E-018
  0.500 -4.554E+01   -2.3261  6.5618E+03  1.223701838E-018
  0.500 -3.641E+01   -2.3162  6.5620E+03  1.212671667E-018
  0.500 -2.727E+01   -2.3048  6.5622E+03  1.199996245E-018
  0.500 -1.814E+01   -2.2940  6.5624E+03  1.188289804E-018
  0.500 -8.999E+00   -2.2822  6.5626E+03  1.175451847E-018
  0.500  1.370E-01   -2.2695  6.5628E+03  1.161908599E-018
  0.500  9.273E+00   -2.2512  6.5630E+03  1.142504036E-018
  0.500  1.841E+01   -2.2334  6.5632E+03  1.123975082E-018
  0.500  2.755E+01   -2.2106  6.5634E+03  1.100673121E-018
  0.500  3.668E+01   -2.1890  6.5636E+03  1.079094509E-018
  0.500  4.582E+01   -2.1641  6.5638E+03  1.054673213E-018
  0.500  5.495E+01   -2.1443  6.5640E+03  1.035738330E-018
  0.500  6.409E+01   -2.1239  6.5642E+03  1.016497712E-018
  0.500  7.323E+01   -2.1068  6.5644E+03  1.000647239E-018
  0.500  8.236E+01   -2.0912  6.5646E+03  9.864194639E-019
  0.500  9.150E+01   -2.0783  6.5648E+03  9.748608127E-019
  0.500  1.006E+02   -2.0682  6.5650E+03  9.659192101E-019
  0.500  1.098E+02   -2.0602  6.5652E+03  9.588686917E-019
  0.500  1.189E+02   -2.0524  6.5654E+03  9.520746797E-019
  0.500  1.280E+02   -2.0417  6.5656E+03  9.428157401E-019
  0.500  1.372E+02   -2.0378  6.5658E+03  9.394438122E-019
  0.500  1.463E+02   -2.0356  6.5660E+03  9.376046885E-019
  0.500  1.555E+02   -2.0390  6.5662E+03  9.405882916E-019
  0.500  1.646E+02   -2.0441  6.5664E+03  9.450861875E-019
  0.500  1.737E+02   -2.0539  6.5666E+03  9.537049127E-019
  0.500  1.829E+02   -2.0681  6.5668E+03  9.663714796E-019
  0.500  1.920E+02   -2.0863  6.5670E+03  9.827683114E-019
  0.500  2.011E+02   -2.1082  6.5672E+03  1.002854202E-018
  0.500  2.103E+02   -2.1241  6.5674E+03  1.017633745E-018
  0.500  2.194E+02   -2.1438  6.5676E+03  1.036385453E-018
  0.500  2.285E+02   -2.1625  6.5678E+03  1.054407617E-018
  0.500  2.377E+02   -2.1877  6.5680E+03  1.079243551E-018
  0.500  2.468E+02   -2.2090  6.5682E+03  1.100669941E-018
  0.500  2.559E+02   -2.2326  6.5684E+03  1.124966859E-018
  0.500  2.651E+02   -2.2509  6.5686E+03  1.144188612E-018
  0.500  2.742E+02   -2.2695  6.5688E+03  1.163961131E-018
  0.500  2.834E+02   -2.2791  6.5690E+03  1.174414332E-018
  0.500  2.925E+02   -2.2842  6.5692E+03  1.180023854E-018
  0.500  3.016E+02   -2.2924  6.5694E+03  1.189068223E-018
  0.500  3.108E+02   -2.3002  6.5696E+03  1.197722703E-018
  0.500  3.199E+02   -2.3107  6.5698E+03  1.209377495E-018
  0.500  3.290E+02   -2.3207  6.5700E+03  1.220660529E-018
  0.500  3.382E+02   -2.3323  6.5702E+03  1.233844027E-018
  0.500  3.473E+02   -2.3436  6.5704E+03  1.246779263E-018
  0.500  3.564E+02   -2.3531  6.5706E+03  1.257875714E-018
  0.500  3.656E+02   -2.3635  6.5708E+03  1.270054656E-018
  0.500  3.747E+02   -2.3702  6.5710E+03  1.277933015E-018
  0.500  3.839E+02   -2.3755  6.5712E+03  1.284355620E-018
  0.500  3.930E+02   -2.3775  6.5714E+03  1.286759717E-018
  0.500  4.021E+02   -2.3832  6.5716E+03  1.293616927E-018
  0.500  4.113E+02   -2.3909  6.5718E+03  1.302931704E-018
  0.500  4.204E+02   -2.4023  6.5720E+03  1.316701332E-018
  0.500  4.295E+02   -2.4140  6.5722E+03  1.331063114E-018
  0.500  4.387E+02   -2.4232  6.5724E+03  1.342451395E-018
  0.500  4.478E+02   -2.4328  6.5726E+03  1.354434447E-018
  0.500  4.569E+02   -2.4444  6.5728E+03  1.369095241E-018
  0.500  4.661E+02   -2.4561  6.5730E+03  1.384091694E-018
  0.500  4.752E+02   -2.4632  6.5732E+03  1.393149158E-018
  0.500  4.844E+02   -2.4697  6.5734E+03  1.401617418E-018
  0.500  4.935E+02   -2.4756  6.5736E+03  1.409396331E-018
  0.500  5.026E+02   -2.4820  6.5738E+03  1.417810078E-018
  0.500  5.118E+02   -2.4876  6.5740E+03  1.425227314E-018
  0.500  5.209E+02   -2.4937  6.5742E+03  1.433345143E-018
  0.500  5.300E+02   -2.4989  6.5744E+03  1.440285836E-018
  0.500  5.392E+02   -2.5049  6.5746E+03  1.448319486E-018
  0.500  5.483E+02   -2.5098  6.5748E+03  1.454962758E-018
  0.500  5.574E+02   -2.5153  6.5750E+03  1.462527013E-018
  0.500  5.666E+02   -2.5192  6.5752E+03  1.467836902E-018
  0.500  5.757E+02   -2.5251  6.5754E+03  1.475937058E-018
  0.500  5.848E+02   -2.5289  6.5756E+03  1.481242376E-018
  0.500  5.940E+02   -2.5343  6.5758E+03  1.488626684E-018
  0.500  6.031E+02   -2.5384  6.5760E+03  1.494383926E-018
  0.500  6.123E+02   -2.5429  6.5762E+03  1.500702166E-018
  0.500  6.214E+02   -2.5472  6.5764E+03  1.506773746E-018
  0.500  6.305E+02   -2.5503  6.5766E+03  1.511126335E-018
  0.500  6.397E+02   -2.5550  6.5768E+03  1.517807976E-018
  0.500  6.488E+02   -2.5574  6.5770E+03  1.521285119E-018
  0.500  6.579E+02   -2.5624  6.5772E+03  1.528328871E-018
  0.500  6.671E+02   -2.5619  6.5774E+03  1.527756777E-018
  0.500  6.762E+02   -2.5647  6.5776E+03  1.531799260E-018
  0.500  6.853E+02   -2.5639  6.5778E+03  1.530716549E-018
  0.500  6.945E+02   -2.5698  6.5780E+03  1.539189240E-018
  0.500  7.036E+02   -2.5695  6.5782E+03  1.538788933E-018
  0.500  7.128E+02   -2.5773  6.5784E+03  1.549994737E-018
  0.500  7.219E+02   -2.5769  6.5786E+03  1.549489557E-018
  0.500  7.310E+02   -2.5870  6.5788E+03  1.564080744E-018
  0.500  7.402E+02   -2.5885  6.5790E+03  1.566393896E-018
  0.500  7.493E+02   -2.5987  6.5792E+03  1.581314544E-018
  0.500  7.584E+02   -2.5982  6.5794E+03  1.580669560E-018
  0.500  7.676E+02   -2.6049  6.5796E+03  1.590470238E-018
  0.500  7.767E+02   -2.6052  6.5798E+03  1.591101032E-018

  0.625 -7.764E+02   -2.6876  6.5458E+03  1.698814655E-018
  0.625 -7.673E+02   -2.6918  6.5460E+03  1.705564507E-018
  0.625 -7.582E+02   -2.6858  6.5462E+03  1.696142767E-018
  0.625 -7.490E+02   -2.6927  6.5464E+03  1.707134642E-018
  0.625 -7.399E+02   -2.6921  6.5466E+03  1.706222660E-018
  0.625 -7.308E+02   -2.6894  6.5468E+03  1.702116742E-018
  0.625 -7.216E+02   -2.6786  6.5470E+03  1.685447399E-018
  0.625 -7.125E+02   -2.6788  6.5472E+03  1.685840487E-018
  0.625 -7.033E+02   -2.6855  6.5474E+03  1.696281582E-018
  0.625 -6.942E+02   -2.6817  6.5476E+03  1.690459907E-018
  0.625 -6.851E+02   -2.6717  6.5478E+03  1.675195156E-018
  0.625 -6.759E+02   -2.6696  6.5480E+03  1.672008027E-018
  0.625 -6.668E+02   -2.6744  6.5482E+03  1.679447692E-018
  0.625 -6.577E+02   -2.6674  6.5484E+03  1.668798343E-018
  0.625 -6.485E+02   -2.6656  6.5486E+03  1.666196812E-018
  0.625 -6.394E+02   -2.6618  6.5488E+03  1.660452491E-018
  0.625 -6.303E+02   -2.6595  6.5490E+03  1.657041649E-018
  0.625 -6.211E+02   -2.6472  6.5492E+03  1.638516550E-018
  0.625 -6.120E+02   -2.6492  6.5494E+03  1.641636670E-018
  0.625 -6.028E+02   -2.6521  6.5496E+03  1.646136208E-018
  0.625 -5.937E+02   -2.6512  6.5498E+03  1.644845859E-018
  0.625 -5.846E+02   -2.6430  6.5500E+03  1.632599052E-018
  0.625 -5.754E+02   -2.6459  6.5502E+03  1.637027289E-018
  0.625 -5.663E+02   -2.6516  6.5504E+03  1.645741163E-018
  0.625 -5.572E+02   -2.6498  6.5506E+03  1.643031231E-018
  0.625 -5.480E+02   -2.6468  6.5508E+03  1.638708026E-018
  0.625 -5.389E+02   -2.6441  6.5510E+03  1.634691210E-018
  0.625 -5.298E+02   -2.6413  6.5512E+03  1.630559227E-018
  0.625 -5.206E+02   -2.6334  6.5514E+03  1.618876351E-018
  0.625 -5.115E+02   -2.6288  6.5516E+03  1.612064678E-018
  0.625 -5.023E+02   -2.6227  6.5518E+03  1.603138830E-018
  0.625 -4.932E+02   -2.6196  6.5520E+03  1.598643050E-018
  0.625 -4.841E+02   -2.6171  6.5522E+03  1.595130409E-018
  0.625 -4.749E+02   -2.6092  6.5524E+03  1.583680204E-018
  0.625 -4.658E+02   -2.6097  6.5526E+03  1.584426251E-018
  0.625 -4.567E+02   -2.6064  6.5528E+03  1.579739408E-018
  0.625 -4.475E+02   -2.6031  6.5530E+03  1.575030346E-018
  0.625 -4.384E+02   -2.5980  6.5532E+03  1.567738899E-018
  0.625 -4.293E+02   -2.5930  6.5534E+03  1.560720051E-018
  0.625 -4.201E+02   -2.5831  6.5536E+03  1.546590092E-018
  0.625 -4.110E+02   -2.5817  6.5538E+03  1.544664877E-018
  0.625 -4.019E+02   -2.5763  6.5540E+03  1.537093855E-018
  0.625 -3.927E+02   -2.5730  6.5542E+03  1.532589096E-018
  0.625 -3.836E+02   -2.5714  6.5544E+03  1.530469612E-018
  0.625 -3.744E+02   -2.5672  6.5546E+03  1.524539740E-018
  0.625 -3.653E+02   -2.5684  6.5548E+03  1.526342345E-018
  0.625 -3.562E+02   -2.5630  6.5550E+03  1.518920519E-018
  0.625 -3.470E+02   -2.5590  6.5552E+03  1.513346559E-018
  0.625 -3.379E+02   -2.5534  6.5554E+03  1.505688373E-018
  0.625 -3.288E+02   -2.5487  6.5556E+03  1.499303147E-018
  0.625 -3.196E+02   -2.5434  6.5558E+03  1.492063024E-018
  0.625 -3.105E+02   -2.5380  6.5560E+03  1.484735398E-018
  0.625 -3.014E+02   -2.5329  6.5562E+03  1.477881663E-018
  0.625 -2.922E+02   -2.5269  6.5564E+03  1.469849845E-018
  0.625 -2.831E+02   -2.5216  6.5566E+03  1.462713824E-018
  0.625 -2.739E+02   -2.5122  6.5568E+03  1.450282877E-018
  0.625 -2.648E+02   -2.5050  6.5570E+03  1.440730393E-018
  0.625 -2.557E+02   -2.4968  6.5572E+03  1.429982006E-018
  0.625 -2.465E+02   -2.4887  6.5574E+03  1.419438580E-018
  0.625 -2.374E+02   -2.4839  6.5576E+03  1.413234294E-018
  0.625 -2.283E+02   -2.4721  6.5578E+03  1.398083935E-018
  0.625 -2.191E+02   -2.4674  6.5580E+03  1.392110854E-018
  0.625 -2.100E+02   -2.4609  6.5582E+03  1.383971252E-018
  0.625 -2.009E+02   -2.4544  6.5584E+03  1.375705562E-018
  0.625 -1.917E+02   -2.4486  6.5586E+03  1.368526326E-018
  0.625 -1.826E+02   -2.4389  6.5588E+03  1.356452019E-018
  0.625 -1.734E+02   -2.4324  6.5590E+03  1.348387610E-018
  0.625 -1.643E+02   -2.4247  6.5592E+03  1.338928135E-018
  0.625 -1.552E+02   -2.4164  6.5594E+03  1.328805639E-018
  0.625 -1.460E+02   -2.4055  6.5596E+03  1.315579102E-018
  0.625 -1.369E+02   -2.3900  6.5598E+03  1.297084767E-018
  0.625 -1.278E+02   -2.3715  6.5600E+03  1.275274162E-018
  0.625 -1.186E+02   -2.3519  6.5602E+03  1.252442050E-018
  0.625 -1.095E+02   -2.3335  6.5604E+03  1.231495225E-018
  0.625 -1.004E+02   -2.3146  6.5606E+03  1.210293127E-018
  0.625 -9.122E+01   -2.3038  6.5608E+03  1.198446915E-018
  0.625 -8.209E+01   -2.2950  6.5610E+03  1.188792736E-018
  0.625 -7.295E+01   -2.2917  6.5612E+03  1.185341963E-018
  0.625 -6.382E+01   -2.2930  6.5614E+03  1.186768587E-018
  0.625 -5.468E+01   -2.2898  6.5616E+03  1.183401943E-018
  0.625 -4.554E+01   -2.2892  6.5618E+03  1.182757288E-018
  0.625 -3.641E+01   -2.2799  6.5620E+03  1.172772056E-018
  0.625 -2.727E+01   -2.2665  6.5622E+03  1.158483695E-018
  0.625 -1.814E+01   -2.2459  6.5624E+03  1.136776787E-018
  0.625 -8.999E+00   -2.2224  6.5626E+03  1.112449380E-018
  0.625  1.370E-01   -2.2001  6.5628E+03  1.089969694E-018
  0.625  9.273E+00   -2.1781  6.5630E+03  1.068144180E-018
  0.625  1.841E+01   -2.1590  6.5632E+03  1.049538950E-018
  0.625  2.755E+01   -2.1389  6.5634E+03  1.030351021E-018
  0.625  3.668E+01   -2.1181  6.5636E+03  1.010894944E-018
  0.625  4.582E+01   -2.1024  6.5638E+03  9.964288858E-019
  0.625  5.495E+01   -2.0922  6.5640E+03  9.871997000E-019
  0.625  6.409E+01   -2.0874  6.5642E+03  9.828792555E-019
  0.625  7.323E+01   -2.0793  6.5644E+03  9.756748707E-019
  0.625  8.236E+01   -2.0760  6.5646E+03  9.727798627E-019
  0.625  9.150E+01   -2.0763  6.5648E+03  9.730363995E-019
  0.625  1.006E+02   -2.0753  6.5650E+03  9.722254982E-019
  0.625  1.098E+02   -2.0753  6.5652E+03  9.722961201E-019
  0.625  1.189E+02   -2.0797  6.5654E+03  9.763345184E-019
  0.625  1.280E+02   -2.0878  6.5656E+03  9.836681574E-019
  0.625  1.372E+02   -2.0927  6.5658E+03  9.881660484E-019
  0.625  1.463E+02   -2.1031  6.5660E+03  9.977114949E-019
  0.625  1.555E+02   -2.1184  6.5662E+03  1.011978598E-018
  0.625  1.646E+02   -2.1305  6.5664E+03  1.023368761E-018
  0.625  1.737E+02   -2.1471  6.5666E+03  1.039245448E-018
  0.625  1.829E+02   -2.1628  6.5668E+03  1.054437034E-018
  0.625  1.920E+02   -2.1836  6.5670E+03  1.074893045E-018
  0.625  2.011E+02   -2.2076  6.5672E+03  1.098997909E-018
  0.625  2.103E+02   -2.2269  6.5674E+03  1.118723623E-018
  0.625  2.194E+02   -2.2572  6.5676E+03  1.150496786E-018
  0.625  2.285E+02   -2.2779  6.5678E+03  1.172658645E-018
  0.625  2.377E+02   -2.2985  6.5680E+03  1.195247435E-018
  0.625  2.468E+02   -2.3113  6.5682E+03  1.209459356E-018
  0.625  2.559E+02   -2.3211  6.5684E+03  1.220447504E-018
  0.625  2.651E+02   -2.3309  6.5686E+03  1.231644318E-018
  0.625  2.742E+02   -2.3413  6.5688E+03  1.243530072E-018
  0.625  2.834E+02   -2.3504  6.5690E+03  1.254067738E-018
  0.625  2.925E+02   -2.3613  6.5692E+03  1.266892341E-018
  0.625  3.016E+02   -2.3696  6.5694E+03  1.276627286E-018
  0.625  3.108E+02   -2.3803  6.5696E+03  1.289359291E-018
  0.625  3.199E+02   -2.3883  6.5698E+03  1.299030164E-018
  0.625  3.290E+02   -2.3905  6.5700E+03  1.301740471E-018
  0.625  3.382E+02   -2.3953  6.5702E+03  1.307598050E-018
  0.625  3.473E+02   -2.4008  6.5704E+03  1.314295034E-018
  0.625  3.564E+02   -2.4067  6.5706E+03  1.321528761E-018
  0.625  3.656E+02   -2.4185  6.5708E+03  1.335985481E-018
  0.625  3.747E+02   -2.4223  6.5710E+03  1.340775787E-018
  0.625  3.839E+02   -2.4367  6.5712E+03  1.358716061E-018
  0.625  3.930E+02   -2.4409  6.5714E+03  1.364175698E-018
  0.625  4.021E+02   -2.4534  6.5716E+03  1.380020133E-018
  0.625  4.113E+02   -2.4562  6.5718E+03  1.383684075E-018
  0.625  4.204E+02   -2.4624  6.5720E+03  1.391624808E-018
  0.625  4.295E+02   -2.4641  6.5722E+03  1.393918806E-018
  0.625  4.387E+02   -2.4641  6.5724E+03  1.394066204E-018
  0.625  4.478E+02   -2.4720  6.5726E+03  1.404286571E-018
  0.625  4.569E+02   -2.4787  6.5728E+03  1.413081493E-018
  0.625  4.661E+02   -2.4926  6.5730E+03  1.431316207E-018
  0.625  4.752E+02   -2.4964  6.5732E+03  1.436404002E-018
  0.625  4.844E+02   -2.5077  6.5734E+03  1.451638007E-018
  0.625  4.935E+02   -2.5156  6.5736E+03  1.462242745E-018
  0.625  5.026E+02   -2.5273  6.5738E+03  1.478215643E-018
  0.625  5.118E+02   -2.5343  6.5740E+03  1.487894284E-018
  0.625  5.209E+02   -2.5393  6.5742E+03  1.494748553E-018
  0.625  5.300E+02   -2.5419  6.5744E+03  1.498508856E-018
  0.625  5.392E+02   -2.5476  6.5746E+03  1.506491284E-018
  0.625  5.483E+02   -2.5539  6.5748E+03  1.515315205E-018
  0.625  5.574E+02   -2.5583  6.5750E+03  1.521518770E-018
  0.625  5.666E+02   -2.5599  6.5752E+03  1.523939968E-018
  0.625  5.757E+02   -2.5668  6.5754E+03  1.533729156E-018
  0.625  5.848E+02   -2.5716  6.5756E+03  1.540573453E-018
  0.625  5.940E+02   -2.5723  6.5758E+03  1.541752325E-018
  0.625  6.031E+02   -2.5786  6.5760E+03  1.550729166E-018
  0.625  6.123E+02   -2.5841  6.5762E+03  1.558678367E-018
  0.625  6.214E+02   -2.5871  6.5764E+03  1.563136102E-018
  0.625  6.305E+02   -2.5860  6.5766E+03  1.561637029E-018
  0.625  6.397E+02   -2.5935  6.5768E+03  1.572599717E-018
  0.625  6.488E+02   -2.5991  6.5770E+03  1.580763264E-018
  0.625  6.579E+02   -2.6014  6.5772E+03  1.584259018E-018
  0.625  6.671E+02   -2.5999  6.5774E+03  1.582220635E-018
  0.625  6.762E+02   -2.6076  6.5776E+03  1.593437097E-018
  0.625  6.853E+02   -2.6114  6.5778E+03  1.599154477E-018
  0.625  6.945E+02   -2.6118  6.5780E+03  1.599898356E-018
  0.625  7.036E+02   -2.6156  6.5782E+03  1.605589340E-018
  0.625  7.128E+02   -2.6148  6.5784E+03  1.604512700E-018
  0.625  7.219E+02   -2.6179  6.5786E+03  1.609233788E-018
  0.625  7.310E+02   -2.6157  6.5788E+03  1.606032061E-018
  0.625  7.402E+02   -2.6208  6.5790E+03  1.613689102E-018
  0.625  7.493E+02   -2.6264  6.5792E+03  1.622141393E-018
  0.625  7.584E+02   -2.6253  6.5794E+03  1.620575375E-018
  0.625  7.676E+02   -2.6333  6.5796E+03  1.632680308E-018
  0.625  7.767E+02   -2.6371  6.5798E+03  1.638474994E-018

  0.750 -7.764E+02   -1.3614  6.5458E+03  5.007778785E-019
  0.750 -7.673E+02   -1.3420  6.5460E+03  4.919679508E-019
  0.750 -7.582E+02   -1.3471  6.5462E+03  4.943213895E-019
  0.750 -7.490E+02   -1.3377  6.5464E+03  4.900598922E-019
  0.750 -7.399E+02   -1.3495  6.5466E+03  4.954562695E-019
  0.750 -7.308E+02   -1.3410  6.5468E+03  4.916149639E-019
  0.750 -7.216E+02   -1.3513  6.5470E+03  4.963587407E-019
  0.750 -7.125E+02   -1.3558  6.5472E+03  4.984379203E-019
  0.750 -7.033E+02   -1.3548  6.5474E+03  4.979934203E-019
  0.750 -6.942E+02   -1.3482  6.5476E+03  4.950331301E-019
  0.750 -6.851E+02   -1.3488  6.5478E+03  4.953225882E-019
  0.750 -6.759E+02   -1.3499  6.5480E+03  4.958488931E-019
  0.750 -6.668E+02   -1.3567  6.5482E+03  4.989890580E-019
  0.750 -6.577E+02   -1.3674  6.5484E+03  5.039918336E-019
  0.750 -6.485E+02   -1.3759  6.5486E+03  5.079581618E-019
  0.750 -6.394E+02   -1.3735  6.5488E+03  5.068742564E-019
  0.750 -6.303E+02   -1.3722  6.5490E+03  5.063207931E-019
  0.750 -6.211E+02   -1.3703  6.5492E+03  5.054390536E-019
  0.750 -6.120E+02   -1.3675  6.5494E+03  5.041930719E-019
  0.750 -6.028E+02   -1.3637  6.5496E+03  5.024519225E-019
  0.750 -5.937E+02   -1.3586  6.5498E+03  5.001088136E-019
  0.750 -5.846E+02   -1.3540  6.5500E+03  4.980480101E-019
  0.750 -5.754E+02   -1.3509  6.5502E+03  4.966268128E-019
  0.750 -5.663E+02   -1.3481  6.5504E+03  4.953796767E-019
  0.750 -5.572E+02   -1.3442  6.5506E+03  4.936472338E-019
  0.750 -5.480E+02   -1.3362  6.5508E+03  4.900623067E-019
  0.750 -5.389E+02   -1.3243  6.5510E+03  4.847496756E-019
  0.750 -5.298E+02   -1.3164  6.5512E+03  4.812509111E-019
  0.750 -5.206E+02   -1.3113  6.5514E+03  4.790238266E-019
  0.750 -5.115E+02   -1.3079  6.5516E+03  4.775793164E-019
  0.750 -5.023E+02   -1.3052  6.5518E+03  4.763950611E-019
  0.750 -4.932E+02   -1.3061  6.5520E+03  4.768513453E-019
  0.750 -4.841E+02   -1.3090  6.5522E+03  4.781321165E-019
  0.750 -4.749E+02   -1.3156  6.5524E+03  4.810683249E-019
  0.750 -4.658E+02   -1.3199  6.5526E+03  4.830328920E-019
  0.750 -4.567E+02   -1.3167  6.5528E+03  4.816484071E-019
  0.750 -4.475E+02   -1.3129  6.5530E+03  4.799585405E-019
  0.750 -4.384E+02   -1.3083  6.5532E+03  4.779545080E-019
  0.750 -4.293E+02   -1.2975  6.5534E+03  4.732892670E-019
  0.750 -4.201E+02   -1.2837  6.5536E+03  4.673317195E-019
  0.750 -4.110E+02   -1.2725  6.5538E+03  4.625693257E-019
  0.750 -4.019E+02   -1.2638  6.5540E+03  4.588892543E-019
  0.750 -3.927E+02   -1.2570  6.5542E+03  4.560405250E-019
  0.750 -3.836E+02   -1.2526  6.5544E+03  4.542578952E-019
  0.750 -3.744E+02   -1.2492  6.5546E+03  4.528613218E-019
  0.750 -3.653E+02   -1.2453  6.5548E+03  4.512536402E-019
  0.750 -3.562E+02   -1.2454  6.5550E+03  4.513144326E-019
  0.750 -3.470E+02   -1.2435  6.5552E+03  4.505640758E-019
  0.750 -3.379E+02   -1.2260  6.5554E+03  4.433832203E-019
  0.750 -3.288E+02   -1.2133  6.5556E+03  4.382664266E-019
  0.750 -3.196E+02   -1.2059  6.5558E+03  4.353036927E-019
  0.750 -3.105E+02   -1.1989  6.5560E+03  4.325207017E-019
  0.750 -3.014E+02   -1.1968  6.5562E+03  4.317389648E-019
  0.750 -2.922E+02   -1.1971  6.5564E+03  4.318840398E-019
  0.750 -2.831E+02   -1.1980  6.5566E+03  4.322535150E-019
  0.750 -2.739E+02   -1.2004  6.5568E+03  4.332426354E-019
  0.750 -2.648E+02   -1.2070  6.5570E+03  4.359192677E-019
  0.750 -2.557E+02   -1.2001  6.5572E+03  4.331545696E-019
  0.750 -2.465E+02   -1.1935  6.5574E+03  4.305719722E-019
  0.750 -2.374E+02   -1.1879  6.5576E+03  4.283767235E-019
  0.750 -2.283E+02   -1.1828  6.5578E+03  4.264174380E-019
  0.750 -2.191E+02   -1.1760  6.5580E+03  4.237600792E-019
  0.750 -2.100E+02   -1.1698  6.5582E+03  4.213712357E-019
  0.750 -2.009E+02   -1.1637  6.5584E+03  4.190401334E-019
  0.750 -1.917E+02   -1.1584  6.5586E+03  4.170254163E-019
  0.750 -1.826E+02   -1.1449  6.5588E+03  4.118838867E-019
  0.750 -1.734E+02   -1.1301  6.5590E+03  4.063505564E-019
  0.750 -1.643E+02   -1.1159  6.5592E+03  4.010816596E-019
  0.750 -1.552E+02   -1.1040  6.5594E+03  3.967331141E-019
  0.750 -1.460E+02   -1.0923  6.5596E+03  3.925106042E-019
  0.750 -1.369E+02   -1.0785  6.5598E+03  3.875697683E-019
  0.750 -1.278E+02   -1.0608  6.5600E+03  3.813201294E-019
  0.750 -1.186E+02   -1.0454  6.5602E+03  3.759787532E-019
  0.750 -1.095E+02   -1.0309  6.5604E+03  3.710171773E-019
  0.750 -1.004E+02   -1.0196  6.5606E+03  3.671951274E-019
  0.750 -9.122E+01   -1.0009  6.5608E+03  3.609613160E-019
  0.750 -8.209E+01   -0.9909  6.5610E+03  3.576738713E-019
  0.750 -7.295E+01   -0.9844  6.5612E+03  3.555442050E-019
  0.750 -6.382E+01   -0.9790  6.5614E+03  3.538107395E-019
  0.750 -5.468E+01   -0.9687  6.5616E+03  3.504987188E-019
  0.750 -4.554E+01   -0.9467  6.5618E+03  3.434678990E-019
  0.750 -3.641E+01   -0.9099  6.5620E+03  3.320692605E-019
  0.750 -2.727E+01   -0.8652  6.5622E+03  3.186846239E-019
  0.750 -1.814E+01   -0.8230  6.5624E+03  3.065488821E-019
  0.750 -8.999E+00   -0.7869  6.5626E+03  2.965343885E-019
  0.750  1.370E-01   -0.7683  6.5628E+03  2.915281103E-019
  0.750  9.273E+00   -0.7692  6.5630E+03  2.917951328E-019
  0.750  1.841E+01   -0.7934  6.5632E+03  2.983741008E-019
  0.750  2.755E+01   -0.8331  6.5634E+03  3.095106712E-019
  0.750  3.668E+01   -0.8806  6.5636E+03  3.233705986E-019
  0.750  4.582E+01   -0.9210  6.5638E+03  3.356379529E-019
  0.750  5.495E+01   -0.9539  6.5640E+03  3.460116677E-019
  0.750  6.409E+01   -0.9761  6.5642E+03  3.531759116E-019
  0.750  7.323E+01   -0.9941  6.5644E+03  3.590970237E-019
  0.750  8.236E+01   -1.0048  6.5646E+03  3.626837519E-019
  0.750  9.150E+01   -1.0141  6.5648E+03  3.658323033E-019
  0.750  1.006E+02   -1.0306  6.5650E+03  3.714331164E-019
  0.750  1.098E+02   -1.0463  6.5652E+03  3.768865204E-019
  0.750  1.189E+02   -1.0657  6.5654E+03  3.837052125E-019
  0.750  1.280E+02   -1.0821  6.5656E+03  3.895638433E-019
  0.750  1.372E+02   -1.0992  6.5658E+03  3.957782925E-019
  0.750  1.463E+02   -1.1105  6.5660E+03  3.999093656E-019
  0.750  1.555E+02   -1.1213  6.5662E+03  4.039406523E-019
  0.750  1.646E+02   -1.1321  6.5664E+03  4.080231744E-019
  0.750  1.737E+02   -1.1407  6.5666E+03  4.112728295E-019
  0.750  1.829E+02   -1.1490  6.5668E+03  4.144683797E-019
  0.750  1.920E+02   -1.1563  6.5670E+03  4.173005509E-019
  0.750  2.011E+02   -1.1636  6.5672E+03  4.201362074E-019
  0.750  2.103E+02   -1.1710  6.5674E+03  4.230320766E-019
  0.750  2.194E+02   -1.1780  6.5676E+03  4.258022149E-019
  0.750  2.285E+02   -1.1851  6.5678E+03  4.286084847E-019
  0.750  2.377E+02   -1.1915  6.5680E+03  4.311545673E-019
  0.750  2.468E+02   -1.1979  6.5682E+03  4.337354032E-019
  0.750  2.559E+02   -1.1942  6.5684E+03  4.323051090E-019
  0.750  2.651E+02   -1.1871  6.5686E+03  4.295093398E-019
  0.750  2.742E+02   -1.1838  6.5688E+03  4.282367497E-019
  0.750  2.834E+02   -1.1840  6.5690E+03  4.283113211E-019
  0.750  2.925E+02   -1.1892  6.5692E+03  4.303929259E-019
  0.750  3.016E+02   -1.1950  6.5694E+03  4.327499580E-019
  0.750  3.108E+02   -1.2060  6.5696E+03  4.371867639E-019
  0.750  3.199E+02   -1.2190  6.5698E+03  4.424673076E-019
  0.750  3.290E+02   -1.2359  6.5700E+03  4.494560540E-019
  0.750  3.382E+02   -1.2519  6.5702E+03  4.561213489E-019
  0.750  3.473E+02   -1.2536  6.5704E+03  4.568931441E-019
  0.750  3.564E+02   -1.2562  6.5706E+03  4.580062761E-019
  0.750  3.656E+02   -1.2587  6.5708E+03  4.591063202E-019
  0.750  3.747E+02   -1.2626  6.5710E+03  4.607580696E-019
  0.750  3.839E+02   -1.2667  6.5712E+03  4.625226629E-019
  0.750  3.930E+02   -1.2712  6.5714E+03  4.644861526E-019
  0.750  4.021E+02   -1.2766  6.5716E+03  4.668227284E-019
  0.750  4.113E+02   -1.2817  6.5718E+03  4.690757988E-019
  0.750  4.204E+02   -1.2748  6.5720E+03  4.661094144E-019
  0.750  4.295E+02   -1.2626  6.5722E+03  4.609437983E-019
  0.750  4.387E+02   -1.2591  6.5724E+03  4.594941659E-019
  0.750  4.478E+02   -1.2551  6.5726E+03  4.578341206E-019
  0.750  4.569E+02   -1.2605  6.5728E+03  4.601220555E-019
  0.750  4.661E+02   -1.2642  6.5730E+03  4.617133163E-019
  0.750  4.752E+02   -1.2758  6.5732E+03  4.667039030E-019
  0.750  4.844E+02   -1.2815  6.5734E+03  4.691822803E-019
  0.750  4.935E+02   -1.2884  6.5736E+03  4.722340428E-019
  0.750  5.026E+02   -1.2928  6.5738E+03  4.741614779E-019
  0.750  5.118E+02   -1.2909  6.5740E+03  4.733766446E-019
  0.750  5.209E+02   -1.2832  6.5742E+03  4.700384939E-019
  0.750  5.300E+02   -1.2705  6.5744E+03  4.646326074E-019
  0.750  5.392E+02   -1.2681  6.5746E+03  4.636211888E-019
  0.750  5.483E+02   -1.2698  6.5748E+03  4.643856603E-019
  0.750  5.574E+02   -1.2849  6.5750E+03  4.709181866E-019
  0.750  5.666E+02   -1.2979  6.5752E+03  4.765945677E-019
  0.750  5.757E+02   -1.3087  6.5754E+03  4.813976703E-019
  0.750  5.848E+02   -1.3173  6.5756E+03  4.852473458E-019
  0.750  5.940E+02   -1.3349  6.5758E+03  4.932280428E-019
  0.750  6.031E+02   -1.3483  6.5760E+03  4.993899630E-019
  0.750  6.123E+02   -1.3547  6.5762E+03  5.023589819E-019
  0.750  6.214E+02   -1.3539  6.5764E+03  5.020225774E-019
  0.750  6.305E+02   -1.3594  6.5766E+03  5.045978804E-019
  0.750  6.397E+02   -1.3588  6.5768E+03  5.043361779E-019
  0.750  6.488E+02   -1.3641  6.5770E+03  5.068573847E-019
  0.750  6.579E+02   -1.3661  6.5772E+03  5.078151458E-019
  0.750  6.671E+02   -1.3684  6.5774E+03  5.089055694E-019
  0.750  6.762E+02   -1.3700  6.5776E+03  5.097228016E-019
  0.750  6.853E+02   -1.3723  6.5778E+03  5.107890322E-019
  0.750  6.945E+02   -1.3735  6.5780E+03  5.113880297E-019
  0.750  7.036E+02   -1.3756  6.5782E+03  5.124489664E-019
  0.750  7.128E+02   -1.3766  6.5784E+03  5.129255750E-019
  0.750  7.219E+02   -1.3788  6.5786E+03  5.139908712E-019
  0.750  7.310E+02   -1.3795  6.5788E+03  5.143682231E-019
  0.750  7.402E+02   -1.3819  6.5790E+03  5.155175673E-019
  0.750  7.493E+02   -1.3828  6.5792E+03  5.159778133E-019
  0.750  7.584E+02   -1.3841  6.5794E+03  5.166242351E-019
  0.750  7.676E+02   -1.3838  6.5796E+03  5.165530433E-019
  0.750  7.767E+02   -1.3853  6.5798E+03  5.172578599E-019

  0.875 -7.764E+02   -2.6496  6.5458E+03  1.640368567E-018
  0.875 -7.673E+02   -2.6502  6.5460E+03  1.641420873E-018
  0.875 -7.582E+02   -2.6528  6.5462E+03  1.645442603E-018
  0.875 -7.490E+02   -2.6505  6.5464E+03  1.642095817E-018
  0.875 -7.399E+02   -2.6477  6.5466E+03  1.637900410E-018
  0.875 -7.308E+02   -2.6453  6.5468E+03  1.634342813E-018
  0.875 -7.216E+02   -2.6428  6.5470E+03  1.630751633E-018
  0.875 -7.125E+02   -2.6391  6.5472E+03  1.625318818E-018
  0.875 -7.033E+02   -2.6343  6.5474E+03  1.618194310E-018
  0.875 -6.942E+02   -2.6259  6.5476E+03  1.605803338E-018
  0.875 -6.851E+02   -2.6189  6.5478E+03  1.595667348E-018
  0.875 -6.759E+02   -2.6086  6.5480E+03  1.580658962E-018
  0.875 -6.668E+02   -2.6067  6.5482E+03  1.577995881E-018
  0.875 -6.577E+02   -2.6009  6.5484E+03  1.569683320E-018
  0.875 -6.485E+02   -2.5997  6.5486E+03  1.568008851E-018
  0.875 -6.394E+02   -2.5968  6.5488E+03  1.563945144E-018
  0.875 -6.303E+02   -2.5926  6.5490E+03  1.557979637E-018
  0.875 -6.211E+02   -2.5947  6.5492E+03  1.561133400E-018
  0.875 -6.120E+02   -2.5869  6.5494E+03  1.550010009E-018
  0.875 -6.028E+02   -2.5855  6.5496E+03  1.548124047E-018
  0.875 -5.937E+02   -2.5802  6.5498E+03  1.540630013E-018
  0.875 -5.846E+02   -2.5754  6.5500E+03  1.533959623E-018
  0.875 -5.754E+02   -2.5754  6.5502E+03  1.534050802E-018
  0.875 -5.663E+02   -2.5714  6.5504E+03  1.528494759E-018
  0.875 -5.572E+02   -2.5726  6.5506E+03  1.530247194E-018
  0.875 -5.480E+02   -2.5676  6.5508E+03  1.523355422E-018
  0.875 -5.389E+02   -2.5631  6.5510E+03  1.517158114E-018
  0.875 -5.298E+02   -2.5582  6.5512E+03  1.510485248E-018
  0.875 -5.206E+02   -2.5529  6.5514E+03  1.503170594E-018
  0.875 -5.115E+02   -2.5470  6.5516E+03  1.495161222E-018
  0.875 -5.023E+02   -2.5415  6.5518E+03  1.487612645E-018
  0.875 -4.932E+02   -2.5346  6.5520E+03  1.478288164E-018
  0.875 -4.841E+02   -2.5287  6.5522E+03  1.470453999E-018
  0.875 -4.749E+02   -2.5223  6.5524E+03  1.461840791E-018
  0.875 -4.658E+02   -2.5167  6.5526E+03  1.454353779E-018
  0.875 -4.567E+02   -2.5097  6.5528E+03  1.445153612E-018
  0.875 -4.475E+02   -2.5004  6.5530E+03  1.432851236E-018
  0.875 -4.384E+02   -2.4910  6.5532E+03  1.420615470E-018
  0.875 -4.293E+02   -2.4837  6.5534E+03  1.411253376E-018
  0.875 -4.201E+02   -2.4764  6.5536E+03  1.401876476E-018
  0.875 -4.110E+02   -2.4685  6.5538E+03  1.391790223E-018
  0.875 -4.019E+02   -2.4638  6.5540E+03  1.385890753E-018
  0.875 -3.927E+02   -2.4564  6.5542E+03  1.376483196E-018
  0.875 -3.836E+02   -2.4540  6.5544E+03  1.373516768E-018
  0.875 -3.744E+02   -2.4492  6.5546E+03  1.367534784E-018
  0.875 -3.653E+02   -2.4425  6.5548E+03  1.359285064E-018
  0.875 -3.562E+02   -2.4345  6.5550E+03  1.349360398E-018
  0.875 -3.470E+02   -2.4261  6.5552E+03  1.339013622E-018
  0.875 -3.379E+02   -2.4171  6.5554E+03  1.328113523E-018
  0.875 -3.288E+02   -2.4038  6.5556E+03  1.311930823E-018
  0.875 -3.196E+02   -2.3932  6.5558E+03  1.299348825E-018
  0.875 -3.105E+02   -2.3790  6.5560E+03  1.282459897E-018
  0.875 -3.014E+02   -2.3728  6.5562E+03  1.275329529E-018
  0.875 -2.922E+02   -2.3585  6.5564E+03  1.258720061E-018
  0.875 -2.831E+02   -2.3506  6.5566E+03  1.249560018E-018
  0.875 -2.739E+02   -2.3413  6.5568E+03  1.238978856E-018
  0.875 -2.648E+02   -2.3299  6.5570E+03  1.226166816E-018
  0.875 -2.557E+02   -2.3223  6.5572E+03  1.217733756E-018
  0.875 -2.465E+02   -2.3089  6.5574E+03  1.202829795E-018
  0.875 -2.374E+02   -2.2909  6.5576E+03  1.183085640E-018
  0.875 -2.283E+02   -2.2749  6.5578E+03  1.165915846E-018
  0.875 -2.191E+02   -2.2574  6.5580E+03  1.147331413E-018
  0.875 -2.100E+02   -2.2319  6.5582E+03  1.120723252E-018
  0.875 -2.009E+02   -2.2140  6.5584E+03  1.102461631E-018
  0.875 -1.917E+02   -2.1892  6.5586E+03  1.077648136E-018
  0.875 -1.826E+02   -2.1747  6.5588E+03  1.063396418E-018
  0.875 -1.734E+02   -2.1585  6.5590E+03  1.047704523E-018
  0.875 -1.643E+02   -2.1407  6.5592E+03  1.030805360E-018
  0.875 -1.552E+02   -2.1196  6.5594E+03  1.010960352E-018
  0.875 -1.460E+02   -2.1022  6.5596E+03  9.949976230E-019
  0.875 -1.369E+02   -2.0935  6.5598E+03  9.871368696E-019
  0.875 -1.278E+02   -2.0869  6.5600E+03  9.812182107E-019
  0.875 -1.186E+02   -2.0788  6.5602E+03  9.739342285E-019
  0.875 -1.095E+02   -2.0748  6.5604E+03  9.704259047E-019
  0.875 -1.004E+02   -2.0753  6.5606E+03  9.709418393E-019
  0.875 -9.122E+01   -2.0755  6.5608E+03  9.711407063E-019
  0.875 -8.209E+01   -2.0700  6.5610E+03  9.663113265E-019
  0.875 -7.295E+01   -2.0734  6.5612E+03  9.693711169E-019
  0.875 -6.382E+01   -2.0753  6.5614E+03  9.711774654E-019
  0.875 -5.468E+01   -2.0837  6.5616E+03  9.787271246E-019
  0.875 -4.554E+01   -2.0907  6.5618E+03  9.851526613E-019
  0.875 -3.641E+01   -2.1045  6.5620E+03  9.978282337E-019
  0.875 -2.727E+01   -2.1278  6.5622E+03  1.019512876E-018
  0.875 -1.814E+01   -2.1433  6.5624E+03  1.034205846E-018
  0.875 -8.999E+00   -2.1698  6.5626E+03  1.059909596E-018
  0.875  1.370E-01   -2.1907  6.5628E+03  1.080540281E-018
  0.875  9.273E+00   -2.2107  6.5630E+03  1.100725748E-018
  0.875  1.841E+01   -2.2365  6.5632E+03  1.127264024E-018
  0.875  2.755E+01   -2.2580  6.5634E+03  1.149797607E-018
  0.875  3.668E+01   -2.2783  6.5636E+03  1.171632987E-018
  0.875  4.582E+01   -2.2890  6.5638E+03  1.183292207E-018
  0.875  5.495E+01   -2.2943  6.5640E+03  1.189137069E-018
  0.875  6.409E+01   -2.2950  6.5642E+03  1.189951057E-018
  0.875  7.323E+01   -2.2947  6.5644E+03  1.189701838E-018
  0.875  8.236E+01   -2.2962  6.5646E+03  1.191493878E-018
  0.875  9.150E+01   -2.2994  6.5648E+03  1.194993447E-018
  0.875  1.006E+02   -2.3085  6.5650E+03  1.205137260E-018
  0.875  1.098E+02   -2.3190  6.5652E+03  1.216934100E-018
  0.875  1.189E+02   -2.3392  6.5654E+03  1.239928734E-018
  0.875  1.280E+02   -2.3570  6.5656E+03  1.260412906E-018
  0.875  1.372E+02   -2.3767  6.5658E+03  1.283644888E-018
  0.875  1.463E+02   -2.3936  6.5660E+03  1.303846149E-018
  0.875  1.555E+02   -2.4069  6.5662E+03  1.319960816E-018
  0.875  1.646E+02   -2.4197  6.5664E+03  1.335774391E-018
  0.875  1.737E+02   -2.4288  6.5666E+03  1.347046678E-018
  0.875  1.829E+02   -2.4367  6.5668E+03  1.357010552E-018
  0.875  1.920E+02   -2.4441  6.5670E+03  1.366317685E-018
  0.875  2.011E+02   -2.4514  6.5672E+03  1.375680036E-018
  0.875  2.103E+02   -2.4580  6.5674E+03  1.384091577E-018
  0.875  2.194E+02   -2.4653  6.5676E+03  1.393543359E-018
  0.875  2.285E+02   -2.4731  6.5678E+03  1.403606336E-018
  0.875  2.377E+02   -2.4789  6.5680E+03  1.411259127E-018
  0.875  2.468E+02   -2.4864  6.5682E+03  1.421137005E-018
  0.875  2.559E+02   -2.4934  6.5684E+03  1.430464966E-018
  0.875  2.651E+02   -2.5003  6.5686E+03  1.439645893E-018
  0.875  2.742E+02   -2.5065  6.5688E+03  1.447940631E-018
  0.875  2.834E+02   -2.5122  6.5690E+03  1.455638985E-018
  0.875  2.925E+02   -2.5183  6.5692E+03  1.463876085E-018
  0.875  3.016E+02   -2.5239  6.5694E+03  1.471628841E-018
  0.875  3.108E+02   -2.5293  6.5696E+03  1.479062602E-018
  0.875  3.199E+02   -2.5349  6.5698E+03  1.486824645E-018
  0.875  3.290E+02   -2.5401  6.5700E+03  1.493959133E-018
  0.875  3.382E+02   -2.5431  6.5702E+03  1.498180572E-018
  0.875  3.473E+02   -2.5473  6.5704E+03  1.504120848E-018
  0.875  3.564E+02   -2.5497  6.5706E+03  1.507602823E-018
  0.875  3.656E+02   -2.5523  6.5708E+03  1.511236768E-018
  0.875  3.747E+02   -2.5484  6.5710E+03  1.505950012E-018
  0.875  3.839E+02   -2.5579  6.5712E+03  1.519189974E-018
  0.875  3.930E+02   -2.5608  6.5714E+03  1.523440323E-018
  0.875  4.021E+02   -2.5645  6.5716E+03  1.528747185E-018
  0.875  4.113E+02   -2.5713  6.5718E+03  1.538380380E-018
  0.875  4.204E+02   -2.5793  6.5720E+03  1.549803234E-018
  0.875  4.295E+02   -2.5880  6.5722E+03  1.562370502E-018
  0.875  4.387E+02   -2.5881  6.5724E+03  1.562620876E-018
  0.875  4.478E+02   -2.5926  6.5726E+03  1.569274027E-018
  0.875  4.569E+02   -2.5989  6.5728E+03  1.578551820E-018
  0.875  4.661E+02   -2.6005  6.5730E+03  1.580926616E-018
  0.875  4.752E+02   -2.6000  6.5732E+03  1.580337572E-018
  0.875  4.844E+02   -2.6067  6.5734E+03  1.590101653E-018
  0.875  4.935E+02   -2.6115  6.5736E+03  1.597287248E-018
  0.875  5.026E+02   -2.6140  6.5738E+03  1.601103382E-018
  0.875  5.118E+02   -2.6157  6.5740E+03  1.603721609E-018
  0.875  5.209E+02   -2.6155  6.5742E+03  1.603461061E-018
  0.875  5.300E+02   -2.6168  6.5744E+03  1.605491814E-018
  0.875  5.392E+02   -2.6117  6.5746E+03  1.598117860E-018
  0.875  5.483E+02   -2.6192  6.5748E+03  1.609186252E-018
  0.875  5.574E+02   -2.6210  6.5750E+03  1.611974679E-018
  0.875  5.666E+02   -2.6240  6.5752E+03  1.616508153E-018
  0.875  5.757E+02   -2.6309  6.5754E+03  1.627038431E-018
  0.875  5.848E+02   -2.6315  6.5756E+03  1.628026031E-018
  0.875  5.940E+02   -2.6378  6.5758E+03  1.637580843E-018
  0.875  6.031E+02   -2.6349  6.5760E+03  1.633316437E-018
  0.875  6.123E+02   -2.6404  6.5762E+03  1.641649251E-018
  0.875  6.214E+02   -2.6351  6.5764E+03  1.633817323E-018
  0.875  6.305E+02   -2.6366  6.5766E+03  1.636134665E-018
  0.875  6.397E+02   -2.6338  6.5768E+03  1.631977885E-018
  0.875  6.488E+02   -2.6409  6.5770E+03  1.642849826E-018
  0.875  6.579E+02   -2.6462  6.5772E+03  1.650928432E-018
  0.875  6.671E+02   -2.6508  6.5774E+03  1.658050661E-018
  0.875  6.762E+02   -2.6546  6.5776E+03  1.664023254E-018
  0.875  6.853E+02   -2.6592  6.5778E+03  1.671234329E-018
  0.875  6.945E+02   -2.6666  6.5780E+03  1.682672549E-018
  0.875  7.036E+02   -2.6699  6.5782E+03  1.687926831E-018
  0.875  7.128E+02   -2.6718  6.5784E+03  1.690933609E-018
  0.875  7.219E+02   -2.6732  6.5786E+03  1.693313253E-018
  0.875  7.310E+02   -2.6747  6.5788E+03  1.695780253E-018
  0.875  7.402E+02   -2.6769  6.5790E+03  1.699221280E-018
  0.875  7.493E+02   -2.6782  6.5792E+03  1.701424878E-018
  0.875  7.584E+02   -2.6792  6.5794E+03  1.703053365E-018
  0.875  7.676E+02   -2.6809  6.5796E+03  1.705900078E-018
  0.875  7.767E+02   -2.6826  6.5798E+03  1.708651114E-018

  1.000 -7.764E+02   -2.6241  6.5458E+03  1.602294031E-018
  1.000 -7.673E+02   -2.6224  6.5460E+03  1.599854211E-018
  1.000 -7.582E+02   -2.6176  6.5462E+03  1.592906489E-018
  1.000 -7.490E+02   -2.6158  6.5464E+03  1.590423776E-018
  1.000 -7.399E+02   -2.6115  6.5466E+03  1.584210893E-018
  1.000 -7.308E+02   -2.6096  6.5468E+03  1.581541918E-018
  1.000 -7.216E+02   -2.6055  6.5470E+03  1.575644362E-018
  1.000 -7.125E+02   -2.6030  6.5472E+03  1.572092855E-018
  1.000 -7.033E+02   -2.5996  6.5474E+03  1.567314796E-018
  1.000 -6.942E+02   -2.5960  6.5476E+03  1.562292451E-018
  1.000 -6.851E+02   -2.5923  6.5478E+03  1.557018560E-018
  1.000 -6.759E+02   -2.5883  6.5480E+03  1.551430551E-018
  1.000 -6.668E+02   -2.5844  6.5482E+03  1.545956825E-018
  1.000 -6.577E+02   -2.5762  6.5484E+03  1.534430663E-018
  1.000 -6.485E+02   -2.5661  6.5486E+03  1.520222638E-018
  1.000 -6.394E+02   -2.5576  6.5488E+03  1.508514363E-018
  1.000 -6.303E+02   -2.5513  6.5490E+03  1.499890699E-018
  1.000 -6.211E+02   -2.5464  6.5492E+03  1.493182566E-018
  1.000 -6.120E+02   -2.5421  6.5494E+03  1.487436652E-018
  1.000 -6.028E+02   -2.5398  6.5496E+03  1.484295883E-018
  1.000 -5.937E+02   -2.5338  6.5498E+03  1.476287932E-018
  1.000 -5.846E+02   -2.5322  6.5500E+03  1.474085582E-018
  1.000 -5.754E+02   -2.5295  6.5502E+03  1.470555085E-018
  1.000 -5.663E+02   -2.5240  6.5504E+03  1.463180443E-018
  1.000 -5.572E+02   -2.5182  6.5506E+03  1.455535456E-018
  1.000 -5.480E+02   -2.5130  6.5508E+03  1.448647254E-018
  1.000 -5.389E+02   -2.5092  6.5510E+03  1.443663920E-018
  1.000 -5.298E+02   -2.5059  6.5512E+03  1.439361349E-018
  1.000 -5.206E+02   -2.5050  6.5514E+03  1.438350002E-018
  1.000 -5.115E+02   -2.5004  6.5516E+03  1.432242897E-018
  1.000 -5.023E+02   -2.4945  6.5518E+03  1.424642245E-018
  1.000 -4.932E+02   -2.4883  6.5520E+03  1.416599371E-018
  1.000 -4.841E+02   -2.4824  6.5522E+03  1.408995081E-018
  1.000 -4.749E+02   -2.4754  6.5524E+03  1.400005906E-018
  1.000 -4.658E+02   -2.4684  6.5526E+03  1.391080613E-018
  1.000 -4.567E+02   -2.4604  6.5528E+03  1.380935575E-018
  1.000 -4.475E+02   -2.4529  6.5530E+03  1.371558745E-018
  1.000 -4.384E+02   -2.4455  6.5532E+03  1.362308040E-018
  1.000 -4.293E+02   -2.4382  6.5534E+03  1.353352042E-018
  1.000 -4.201E+02   -2.4299  6.5536E+03  1.343130508E-018
  1.000 -4.110E+02   -2.4202  6.5538E+03  1.331267439E-018
  1.000 -4.019E+02   -2.4089  6.5540E+03  1.317452621E-018
  1.000 -3.927E+02   -2.3995  6.5542E+03  1.306179120E-018
  1.000 -3.836E+02   -2.3904  6.5544E+03  1.295413434E-018
  1.000 -3.744E+02   -2.3820  6.5546E+03  1.285446420E-018
  1.000 -3.653E+02   -2.3735  6.5548E+03  1.275581772E-018
  1.000 -3.562E+02   -2.3660  6.5550E+03  1.266888944E-018
  1.000 -3.470E+02   -2.3593  6.5552E+03  1.259109462E-018
  1.000 -3.379E+02   -2.3533  6.5554E+03  1.252296680E-018
  1.000 -3.288E+02   -2.3463  6.5556E+03  1.244275736E-018
  1.000 -3.196E+02   -2.3358  6.5558E+03  1.232384502E-018
  1.000 -3.105E+02   -2.3258  6.5560E+03  1.221188729E-018
  1.000 -3.014E+02   -2.3140  6.5562E+03  1.208089078E-018
  1.000 -2.922E+02   -2.3003  6.5564E+03  1.192937803E-018
  1.000 -2.831E+02   -2.2840  6.5566E+03  1.175298183E-018
  1.000 -2.739E+02   -2.2696  6.5568E+03  1.159848241E-018
  1.000 -2.648E+02   -2.2496  6.5570E+03  1.138730083E-018
  1.000 -2.557E+02   -2.2315  6.5572E+03  1.120024316E-018
  1.000 -2.465E+02   -2.2068  6.5574E+03  1.094906757E-018
  1.000 -2.374E+02   -2.1872  6.5576E+03  1.075341692E-018
  1.000 -2.283E+02   -2.1596  6.5578E+03  1.048462560E-018
  1.000 -2.191E+02   -2.1438  6.5580E+03  1.033310904E-018
  1.000 -2.100E+02   -2.1212  6.5582E+03  1.012070709E-018
  1.000 -2.009E+02   -2.0993  6.5584E+03  9.919483705E-019
  1.000 -1.917E+02   -2.0783  6.5586E+03  9.729867471E-019
  1.000 -1.826E+02   -2.0655  6.5588E+03  9.616390799E-019
  1.000 -1.734E+02   -2.0522  6.5590E+03  9.500268364E-019
  1.000 -1.643E+02   -2.0462  6.5592E+03  9.448382775E-019
  1.000 -1.552E+02   -2.0432  6.5594E+03  9.422639418E-019
  1.000 -1.460E+02   -2.0409  6.5596E+03  9.403913870E-019
  1.000 -1.369E+02   -2.0447  6.5598E+03  9.437227932E-019
  1.000 -1.278E+02   -2.0488  6.5600E+03  9.473216142E-019
  1.000 -1.186E+02   -2.0517  6.5602E+03  9.499216705E-019
  1.000 -1.095E+02   -2.0554  6.5604E+03  9.532509909E-019
  1.000 -1.004E+02   -2.0638  6.5606E+03  9.607328291E-019
  1.000 -9.122E+01   -2.0734  6.5608E+03  9.692586081E-019
  1.000 -8.209E+01   -2.0864  6.5610E+03  9.809957676E-019
  1.000 -7.295E+01   -2.1013  6.5612E+03  9.946815627E-019
  1.000 -6.382E+01   -2.1192  6.5614E+03  1.011207155E-018
  1.000 -5.468E+01   -2.1393  6.5616E+03  1.030177800E-018
  1.000 -4.554E+01   -2.1566  6.5618E+03  1.046844485E-018
  1.000 -3.641E+01   -2.1778  6.5620E+03  1.067496227E-018
  1.000 -2.727E+01   -2.1986  6.5622E+03  1.088199283E-018
  1.000 -1.814E+01   -2.2208  6.5624E+03  1.110775956E-018
  1.000 -8.999E+00   -2.2397  6.5626E+03  1.130312017E-018
  1.000  1.370E-01   -2.2565  6.5628E+03  1.148088347E-018
  1.000  9.273E+00   -2.2702  6.5630E+03  1.162697511E-018
  1.000  1.841E+01   -2.2817  6.5632E+03  1.175130594E-018
  1.000  2.755E+01   -2.2953  6.5634E+03  1.190025023E-018
  1.000  3.668E+01   -2.3069  6.5636E+03  1.202912369E-018
  1.000  4.582E+01   -2.3169  6.5638E+03  1.214059965E-018
  1.000  5.495E+01   -2.3270  6.5640E+03  1.225540676E-018
  1.000  6.409E+01   -2.3373  6.5642E+03  1.237240538E-018
  1.000  7.323E+01   -2.3470  6.5644E+03  1.248465272E-018
  1.000  8.236E+01   -2.3548  6.5646E+03  1.257492803E-018
  1.000  9.150E+01   -2.3587  6.5648E+03  1.262145448E-018
  1.000  1.006E+02   -2.3588  6.5650E+03  1.262305314E-018
  1.000  1.098E+02   -2.3574  6.5652E+03  1.260782290E-018
  1.000  1.189E+02   -2.3567  6.5654E+03  1.260062165E-018
  1.000  1.280E+02   -2.3578  6.5656E+03  1.261387285E-018
  1.000  1.372E+02   -2.3625  6.5658E+03  1.266979401E-018
  1.000  1.463E+02   -2.3713  6.5660E+03  1.277367928E-018
  1.000  1.555E+02   -2.3844  6.5662E+03  1.292959057E-018
  1.000  1.646E+02   -2.4007  6.5664E+03  1.312574053E-018
  1.000  1.737E+02   -2.4172  6.5666E+03  1.332784977E-018
  1.000  1.829E+02   -2.4330  6.5668E+03  1.352296940E-018
  1.000  1.920E+02   -2.4454  6.5670E+03  1.367947270E-018
  1.000  2.011E+02   -2.4564  6.5672E+03  1.381985418E-018
  1.000  2.103E+02   -2.4649  6.5674E+03  1.392863678E-018
  1.000  2.194E+02   -2.4719  6.5676E+03  1.402057124E-018
  1.000  2.285E+02   -2.4779  6.5678E+03  1.409843176E-018
  1.000  2.377E+02   -2.4839  6.5680E+03  1.417754938E-018
  1.000  2.468E+02   -2.4895  6.5682E+03  1.425161177E-018
  1.000  2.559E+02   -2.4954  6.5684E+03  1.432998723E-018
  1.000  2.651E+02   -2.5011  6.5686E+03  1.440631304E-018
  1.000  2.742E+02   -2.5068  6.5688E+03  1.448361047E-018
  1.000  2.834E+02   -2.5124  6.5690E+03  1.455908448E-018
  1.000  2.925E+02   -2.5161  6.5692E+03  1.460975366E-018
  1.000  3.016E+02   -2.5240  6.5694E+03  1.471729301E-018
  1.000  3.108E+02   -2.5264  6.5696E+03  1.475128304E-018
  1.000  3.199E+02   -2.5341  6.5698E+03  1.485726480E-018
  1.000  3.290E+02   -2.5363  6.5700E+03  1.488710492E-018
  1.000  3.382E+02   -2.5434  6.5702E+03  1.498696158E-018
  1.000  3.473E+02   -2.5459  6.5704E+03  1.502235275E-018
  1.000  3.564E+02   -2.5524  6.5706E+03  1.511317281E-018
  1.000  3.656E+02   -2.5554  6.5708E+03  1.515505883E-018
  1.000  3.747E+02   -2.5607  6.5710E+03  1.523008459E-018
  1.000  3.839E+02   -2.5640  6.5712E+03  1.527874782E-018
  1.000  3.930E+02   -2.5652  6.5714E+03  1.529581937E-018
  1.000  4.021E+02   -2.5652  6.5716E+03  1.529627796E-018
  1.000  4.113E+02   -2.5662  6.5718E+03  1.531230419E-018
  1.000  4.204E+02   -2.5691  6.5720E+03  1.535380312E-018
  1.000  4.295E+02   -2.5718  6.5722E+03  1.539248030E-018
  1.000  4.387E+02   -2.5763  6.5724E+03  1.545743121E-018
  1.000  4.478E+02   -2.5797  6.5726E+03  1.550748000E-018
  1.000  4.569E+02   -2.5863  6.5728E+03  1.560236714E-018
  1.000  4.661E+02   -2.5916  6.5730E+03  1.567933359E-018
  1.000  4.752E+02   -2.5989  6.5732E+03  1.578698194E-018
  1.000  4.844E+02   -2.5991  6.5734E+03  1.579008248E-018
  1.000  4.935E+02   -2.6034  6.5736E+03  1.585483316E-018
  1.000  5.026E+02   -2.6043  6.5738E+03  1.586845550E-018
  1.000  5.118E+02   -2.6086  6.5740E+03  1.593209628E-018
  1.000  5.209E+02   -2.6118  6.5742E+03  1.598057482E-018
  1.000  5.300E+02   -2.6143  6.5744E+03  1.601864586E-018
  1.000  5.392E+02   -2.6173  6.5746E+03  1.606303130E-018
  1.000  5.483E+02   -2.6202  6.5748E+03  1.610732634E-018
  1.000  5.574E+02   -2.6189  6.5750E+03  1.608834411E-018
  1.000  5.666E+02   -2.6177  6.5752E+03  1.607261417E-018
  1.000  5.757E+02   -2.6168  6.5754E+03  1.605988204E-018
  1.000  5.848E+02   -2.6188  6.5756E+03  1.609077380E-018
  1.000  5.940E+02   -2.6202  6.5758E+03  1.611239016E-018
  1.000  6.031E+02   -2.6238  6.5760E+03  1.616736779E-018
  1.000  6.123E+02   -2.6270  6.5762E+03  1.621528784E-018
  1.000  6.214E+02   -2.6302  6.5764E+03  1.626398172E-018
  1.000  6.305E+02   -2.6328  6.5766E+03  1.630385952E-018
  1.000  6.397E+02   -2.6353  6.5768E+03  1.634322907E-018
  1.000  6.488E+02   -2.6353  6.5770E+03  1.634428469E-018
  1.000  6.579E+02   -2.6348  6.5772E+03  1.633785037E-018
  1.000  6.671E+02   -2.6314  6.5774E+03  1.628774099E-018
  1.000  6.762E+02   -2.6323  6.5776E+03  1.630104528E-018
  1.000  6.853E+02   -2.6341  6.5778E+03  1.633028372E-018
  1.000  6.945E+02   -2.6394  6.5780E+03  1.641132007E-018
  1.000  7.036E+02   -2.6439  6.5782E+03  1.648046027E-018
  1.000  7.128E+02   -2.6470  6.5784E+03  1.652844543E-018
  1.000  7.219E+02   -2.6508  6.5786E+03  1.658766755E-018
  1.000  7.310E+02   -2.6564  6.5788E+03  1.667370575E-018
  1.000  7.402E+02   -2.6615  6.5790E+03  1.675322974E-018
  1.000  7.493E+02   -2.6627  6.5792E+03  1.677257850E-018
  1.000  7.584E+02   -2.6643  6.5794E+03  1.679915201E-018
  1.000  7.676E+02   -2.6655  6.5796E+03  1.681780705E-018
  1.000  7.767E+02   -2.6668  6.5798E+03  1.683957746E-018

