    6545.800     -776.4  1.01560E-018  7.10590E+000  1.00000E+000  1.00000E+000
    6546.000     -767.3  1.01559E-018  7.10536E+000  1.00000E+000  1.00000E+000
    6546.200     -758.2  1.01557E-018  7.10482E+000  1.00000E+000  1.00000E+000
    6546.400     -749.0  1.01556E-018  7.10428E+000  1.00000E+000  1.00000E+000
    6546.600     -739.9  1.01554E-018  7.10374E+000  1.00000E+000  1.00000E+000
    6546.800     -730.8  1.01553E-018  7.10320E+000  1.00000E+000  1.00000E+000
    6547.000     -721.6  1.01551E-018  7.10266E+000  1.00000E+000  1.00000E+000
    6547.200     -712.5  1.01550E-018  7.10212E+000  1.00000E+000  1.00000E+000
    6547.400     -703.3  1.01548E-018  7.10159E+000  1.00000E+000  1.00000E+000
    6547.600     -694.2  1.01547E-018  7.10105E+000  1.00000E+000  1.00000E+000
    6547.800     -685.1  1.01545E-018  7.10051E+000  1.00000E+000  1.00000E+000
    6548.000     -675.9  1.01544E-018  7.09997E+000  1.00000E+000  1.00000E+000
    6548.200     -666.8  1.01542E-018  7.09943E+000  1.00000E+000  1.00000E+000
    6548.400     -657.7  1.01541E-018  7.09890E+000  1.00000E+000  1.00000E+000
    6548.600     -648.5  1.01539E-018  7.09837E+000  1.00001E+000  1.00001E+000
    6548.800     -639.4  1.01538E-018  7.09785E+000  1.00001E+000  1.00001E+000
    6549.000     -630.3  1.01537E-018  7.09736E+000  1.00002E+000  1.00002E+000
    6549.200     -621.1  1.01537E-018  7.09691E+000  1.00003E+000  1.00003E+000
    6549.400     -612.0  1.01538E-018  7.09653E+000  1.00005E+000  1.00005E+000
    6549.600     -602.8  1.01541E-018  7.09628E+000  1.00009E+000  1.00009E+000
    6549.800     -593.7  1.01546E-018  7.09623E+000  1.00016E+000  1.00016E+000
    6550.000     -584.6  1.01556E-018  7.09649E+000  1.00027E+000  1.00027E+000
    6550.200     -575.4  1.01572E-018  7.09719E+000  1.00045E+000  1.00045E+000
    6550.400     -566.3  1.01597E-018  7.09850E+000  1.00071E+000  1.00071E+000
    6550.600     -557.2  1.01633E-018  7.10057E+000  1.00108E+000  1.00108E+000
    6550.800     -548.0  1.01683E-018  7.10360E+000  1.00158E+000  1.00158E+000
    6551.000     -538.9  1.01748E-018  7.10773E+000  1.00224E+000  1.00224E+000
    6551.200     -529.8  1.01831E-018  7.11308E+000  1.00307E+000  1.00307E+000
    6551.400     -520.6  1.01933E-018  7.11978E+000  1.00409E+000  1.00409E+000
    6551.600     -511.5  1.02055E-018  7.12790E+000  1.00531E+000  1.00531E+000
    6551.800     -502.3  1.02199E-018  7.13750E+000  1.00674E+000  1.00674E+000
    6552.000     -493.2  1.02364E-018  7.14861E+000  1.00839E+000  1.00839E+000
    6552.200     -484.1  1.02551E-018  7.16124E+000  1.01025E+000  1.01025E+000
    6552.400     -474.9  1.02760E-018  7.17537E+000  1.01232E+000  1.01232E+000
    6552.600     -465.8  1.02990E-018  7.19096E+000  1.01459E+000  1.01459E+000
    6552.800     -456.7  1.03240E-018  7.20800E+000  1.01708E+000  1.01708E+000
    6553.000     -447.5  1.03511E-018  7.22651E+000  1.01976E+000  1.01976E+000
    6553.200     -438.4  1.03805E-018  7.24656E+000  1.02267E+000  1.02267E+000
    6553.400     -429.3  1.04123E-018  7.26832E+000  1.02582E+000  1.02582E+000
    6553.600     -420.1  1.04469E-018  7.29201E+000  1.02924E+000  1.02924E+000
    6553.800     -411.0  1.04846E-018  7.31792E+000  1.03298E+000  1.03298E+000
    6554.000     -401.9  1.05261E-018  7.34641E+000  1.03708E+000  1.03708E+000
    6554.200     -392.7  1.05718E-018  7.37787E+000  1.04160E+000  1.04160E+000
    6554.400     -383.6  1.06224E-018  7.41273E+000  1.04660E+000  1.04660E+000
    6554.600     -374.4  1.06787E-018  7.45152E+000  1.05216E+000  1.05216E+000
    6554.800     -365.3  1.07413E-018  7.49481E+000  1.05835E+000  1.05835E+000
    6555.000     -356.2  1.08114E-018  7.54323E+000  1.06527E+000  1.06527E+000
    6555.200     -347.0  1.08898E-018  7.59744E+000  1.07301E+000  1.07301E+000
    6555.400     -337.9  1.09773E-018  7.65806E+000  1.08165E+000  1.08165E+000
    6555.600     -328.8  1.10747E-018  7.72551E+000  1.09126E+000  1.09126E+000
    6555.800     -319.6  1.11820E-018  7.79990E+000  1.10185E+000  1.10185E+000
    6556.000     -310.5  1.12987E-018  7.88084E+000  1.11337E+000  1.11337E+000
    6556.200     -301.4  1.14233E-018  7.96721E+000  1.12566E+000  1.12566E+000
    6556.400     -292.2  1.15528E-018  8.05709E+000  1.13844E+000  1.13844E+000
    6556.600     -283.1  1.16834E-018  8.14768E+000  1.15133E+000  1.15133E+000
    6556.800     -273.9  1.18100E-018  8.23543E+000  1.16382E+000  1.16382E+000
    6557.000     -264.8  1.19267E-018  8.31634E+000  1.17534E+000  1.17534E+000
    6557.200     -255.7  1.20278E-018  8.38631E+000  1.18532E+000  1.18532E+000
    6557.400     -246.5  1.21079E-018  8.44163E+000  1.19323E+000  1.19323E+000
    6557.600     -237.4  1.21627E-018  8.47931E+000  1.19865E+000  1.19865E+000
    6557.800     -228.3  1.21894E-018  8.49739E+000  1.20130E+000  1.20130E+000
    6558.000     -219.1  1.21868E-018  8.49507E+000  1.20106E+000  1.20106E+000
    6558.200     -210.0  1.21554E-018  8.47265E+000  1.19798E+000  1.19798E+000
    6558.400     -200.9  1.20971E-018  8.43150E+000  1.19225E+000  1.19225E+000
    6558.600     -191.7  1.20151E-018  8.37389E+000  1.18420E+000  1.18420E+000
    6558.800     -182.6  1.19137E-018  8.30268E+000  1.17422E+000  1.17422E+000
    6559.000     -173.4  1.17973E-018  8.22106E+000  1.16276E+000  1.16276E+000
    6559.200     -164.3  1.16704E-018  8.13214E+000  1.15027E+000  1.15027E+000
    6559.400     -155.2  1.15368E-018  8.03858E+000  1.13713E+000  1.13713E+000
    6559.600     -146.0  1.13994E-018  7.94233E+000  1.12360E+000  1.12360E+000
    6559.800     -136.9  1.12596E-018  7.84447E+000  1.10984E+000  1.10984E+000
    6560.000     -127.8  1.11180E-018  7.74531E+000  1.09589E+000  1.09589E+000
    6560.200     -118.6  1.09741E-018  7.64462E+000  1.08173E+000  1.08173E+000
    6560.400     -109.5  1.08273E-018  7.54190E+000  1.06727E+000  1.06727E+000
    6560.600     -100.4  1.06770E-018  7.43674E+000  1.05247E+000  1.05247E+000
    6560.800      -91.2  1.05231E-018  7.32908E+000  1.03731E+000  1.03731E+000
    6561.000      -82.1  1.03663E-018  7.21944E+000  1.02187E+000  1.02187E+000
    6561.200      -73.0  1.02084E-018  7.10904E+000  1.00632E+000  1.00632E+000
    6561.400      -63.8  1.00522E-018  6.99985E+000  9.90942E-001  9.90942E-001
    6561.600      -54.7  9.90162E-019  6.89458E+000  9.76113E-001  9.76113E-001
    6561.800      -45.5  9.76139E-019  6.79652E+000  9.62303E-001  9.62303E-001
    6562.000      -36.4  9.63677E-019  6.70934E+000  9.50031E-001  9.50031E-001
    6562.200      -27.3  9.53304E-019  6.63672E+000  9.39820E-001  9.39820E-001
    6562.400      -18.1  9.45508E-019  6.58204E+000  9.32148E-001  9.32148E-001
    6562.600       -9.0  9.40675E-019  6.54800E+000  9.27398E-001  9.27398E-001
    6562.800        0.1  9.39060E-019  6.53635E+000  9.25819E-001  9.25819E-001
    6563.000        9.3  9.40746E-019  6.54769E+000  9.27496E-001  9.27496E-001
    6563.200       18.4  9.45642E-019  6.58137E+000  9.32337E-001  9.32337E-001
    6563.400       27.5  9.53491E-019  6.63559E+000  9.40090E-001  9.40090E-001
    6563.600       36.7  9.63900E-019  6.70762E+000  9.50367E-001  9.50367E-001
    6563.800       45.8  9.76381E-019  6.79406E+000  9.62687E-001  9.62687E-001
    6564.000       55.0  9.90404E-019  6.89122E+000  9.76528E-001  9.76528E-001
    6564.200       64.1  1.00545E-018  6.99545E+000  9.91373E-001  9.91373E-001
    6564.400       73.2  1.02103E-018  7.10346E+000  1.00676E+000  1.00676E+000
    6564.600       82.4  1.03678E-018  7.21259E+000  1.02230E+000  1.02230E+000
    6564.800       91.5  1.05241E-018  7.32088E+000  1.03773E+000  1.03773E+000
    6565.000      100.6  1.06775E-018  7.42713E+000  1.05287E+000  1.05287E+000
    6565.200      109.8  1.08273E-018  7.53086E+000  1.06766E+000  1.06766E+000
    6565.400      118.9  1.09736E-018  7.63213E+000  1.08210E+000  1.08210E+000
    6565.600      128.0  1.11169E-018  7.73136E+000  1.09625E+000  1.09625E+000
    6565.800      137.2  1.12580E-018  7.82903E+000  1.11018E+000  1.11018E+000
    6566.000      146.3  1.13973E-018  7.92538E+000  1.12393E+000  1.12393E+000
    6566.200      155.5  1.15342E-018  8.02010E+000  1.13745E+000  1.13745E+000
    6566.400      164.6  1.16672E-018  8.11208E+000  1.15058E+000  1.15058E+000
    6566.600      173.7  1.17935E-018  8.19940E+000  1.16306E+000  1.16306E+000
    6566.800      182.9  1.19093E-018  8.27942E+000  1.17449E+000  1.17449E+000
    6567.000      192.0  1.20102E-018  8.34906E+000  1.18446E+000  1.18446E+000
    6567.200      201.1  1.20917E-018  8.40518E+000  1.19252E+000  1.19252E+000
    6567.400      210.3  1.21496E-018  8.44493E+000  1.19825E+000  1.19825E+000
    6567.600      219.4  1.21808E-018  8.46609E+000  1.20134E+000  1.20134E+000
    6567.800      228.5  1.21833E-018  8.46733E+000  1.20161E+000  1.20161E+000
    6568.000      237.7  1.21567E-018  8.44832E+000  1.19900E+000  1.19900E+000
    6568.200      246.8  1.21021E-018  8.40989E+000  1.19364E+000  1.19364E+000
    6568.400      255.9  1.20224E-018  8.35396E+000  1.18579E+000  1.18579E+000
    6568.600      265.1  1.19217E-018  8.28347E+000  1.17587E+000  1.17587E+000
    6568.800      274.2  1.18053E-018  8.20210E+000  1.16441E+000  1.16441E+000
    6569.000      283.4  1.16790E-018  8.11387E+000  1.15197E+000  1.15197E+000
    6569.200      292.5  1.15486E-018  8.02276E+000  1.13912E+000  1.13912E+000
    6569.400      301.6  1.14190E-018  7.93228E+000  1.12636E+000  1.12636E+000
    6569.600      310.8  1.12944E-018  7.84521E+000  1.11408E+000  1.11408E+000
    6569.800      319.9  1.11774E-018  7.76348E+000  1.10256E+000  1.10256E+000
    6570.000      329.0  1.10697E-018  7.68820E+000  1.09195E+000  1.09195E+000
    6570.200      338.2  1.09718E-018  7.61979E+000  1.08232E+000  1.08232E+000
    6570.400      347.3  1.08838E-018  7.55818E+000  1.07365E+000  1.07365E+000
    6570.600      356.4  1.08049E-018  7.50293E+000  1.06588E+000  1.06588E+000
    6570.800      365.6  1.07343E-018  7.45345E+000  1.05893E+000  1.05893E+000
    6571.000      374.7  1.06711E-018  7.40910E+000  1.05271E+000  1.05271E+000
    6571.200      383.9  1.06143E-018  7.36924E+000  1.04713E+000  1.04713E+000
    6571.400      393.0  1.05632E-018  7.33330E+000  1.04210E+000  1.04210E+000
    6571.600      402.1  1.05170E-018  7.30077E+000  1.03756E+000  1.03756E+000
    6571.800      411.3  1.04750E-018  7.27121E+000  1.03343E+000  1.03343E+000
    6572.000      420.4  1.04368E-018  7.24422E+000  1.02968E+000  1.02968E+000
    6572.200      429.5  1.04017E-018  7.21947E+000  1.02624E+000  1.02624E+000
    6572.400      438.7  1.03695E-018  7.19665E+000  1.02307E+000  1.02307E+000
    6572.600      447.8  1.03397E-018  7.17554E+000  1.02015E+000  1.02015E+000
    6572.800      456.9  1.03121E-018  7.15597E+000  1.01744E+000  1.01744E+000
    6573.000      466.1  1.02867E-018  7.13786E+000  1.01494E+000  1.01494E+000
    6573.200      475.2  1.02632E-018  7.12117E+000  1.01265E+000  1.01265E+000
    6573.400      484.4  1.02419E-018  7.10592E+000  1.01056E+000  1.01056E+000
    6573.600      493.5  1.02227E-018  7.09215E+000  1.00867E+000  1.00867E+000
    6573.800      502.6  1.02056E-018  7.07987E+000  1.00700E+000  1.00700E+000
    6574.000      511.8  1.01906E-018  7.06908E+000  1.00555E+000  1.00555E+000
    6574.200      520.9  1.01778E-018  7.05976E+000  1.00430E+000  1.00430E+000
    6574.400      530.0  1.01670E-018  7.05184E+000  1.00325E+000  1.00325E+000
    6574.600      539.2  1.01581E-018  7.04525E+000  1.00238E+000  1.00238E+000
    6574.800      548.3  1.01510E-018  7.03989E+000  1.00170E+000  1.00170E+000
    6575.000      557.4  1.01455E-018  7.03564E+000  1.00117E+000  1.00117E+000
    6575.200      566.6  1.01414E-018  7.03235E+000  1.00078E+000  1.00078E+000
    6575.400      575.7  1.01384E-018  7.02985E+000  1.00050E+000  1.00050E+000
    6575.600      584.8  1.01363E-018  7.02798E+000  1.00031E+000  1.00031E+000
    6575.800      594.0  1.01349E-018  7.02657E+000  1.00018E+000  1.00018E+000
    6576.000      603.1  1.01340E-018  7.02550E+000  1.00011E+000  1.00011E+000
    6576.200      612.3  1.01334E-018  7.02464E+000  1.00006E+000  1.00006E+000
    6576.400      621.4  1.01329E-018  7.02392E+000  1.00003E+000  1.00003E+000
    6576.600      630.5  1.01326E-018  7.02328E+000  1.00002E+000  1.00002E+000
    6576.800      639.7  1.01324E-018  7.02269E+000  1.00001E+000  1.00001E+000
    6577.000      648.8  1.01322E-018  7.02213E+000  1.00001E+000  1.00001E+000
    6577.200      657.9  1.01320E-018  7.02158E+000  1.00000E+000  1.00000E+000
    6577.400      667.1  1.01319E-018  7.02104E+000  1.00000E+000  1.00000E+000
    6577.600      676.2  1.01317E-018  7.02050E+000  1.00000E+000  1.00000E+000
    6577.800      685.3  1.01315E-018  7.01997E+000  1.00000E+000  1.00000E+000
    6578.000      694.5  1.01314E-018  7.01943E+000  1.00000E+000  1.00000E+000
    6578.200      703.6  1.01312E-018  7.01890E+000  1.00000E+000  1.00000E+000
    6578.400      712.8  1.01311E-018  7.01836E+000  1.00000E+000  1.00000E+000
    6578.600      721.9  1.01309E-018  7.01783E+000  1.00000E+000  1.00000E+000
    6578.800      731.0  1.01308E-018  7.01730E+000  1.00000E+000  1.00000E+000
    6579.000      740.2  1.01306E-018  7.01676E+000  1.00000E+000  1.00000E+000
    6579.200      749.3  1.01305E-018  7.01623E+000  1.00000E+000  1.00000E+000
    6579.400      758.4  1.01303E-018  7.01569E+000  1.00000E+000  1.00000E+000
    6579.600      767.6  1.01302E-018  7.01516E+000  1.00000E+000  1.00000E+000
    6579.800      776.7  1.01300E-018  7.01463E+000  1.00000E+000  1.00000E+000

