 
6540 6590 0.5 0 0
 
1 1 1 0 0
 
1 1 0 0 1 0 0 0
 
1 1 1 0.2
 
0 360 9 82
 
1
 
 
0 1 1
 
0 1 1
 
0 1 1
 
 
-13 13 -13 13 -13 13 0 0
 
0.371428571 0.371428571 1 1 1
 
 
-13 13 -13 13 -13 13 0 0
 
0.371428571 0.371428571 1 1 1
 
 
0 1 1 0 0 0 0
 
0 0 0 0 0
 
 
1.56 7000 1.578
 
0 0 1 180
 
0 0.9 0.1
 
0 -30.3 0
 
0.2656 0.3917 0.08 1
 
0 0 0 1 1
 
1 -1 0 1 10 0.9
 
 
2 8000 10
 
0 0 1 180
 
0 0 1
 
0 -30.3 0
 
0.2656 0.3917 0.08 1
 
0 0 0 1 1
 
 
1.578 0.099 251 1.3 0.25
 
251 1e-18 2.1e+10 0 9e-17 7050
 
 
0 0 1 180 2
 
0 0 1 0 -30.3 0
 
251 1e-18 2.1e+10 0 9e-17 7050
 
 
100 100 0.2 0.2
 
0 -0.2 0
 
0 0.2 0
 
0 306.4 0
 
0 0 1 0.4387
 
8000 1.1e-14 2.1e+10 10 0 1e-14 1400
 
 
2.8 0.7
 
360 280
 
0.1 0.3 0.1 0.3
 
0 0 0
 
0 0 1
 
0 0 0
 
2100 1e-30 10 0 1
 
-25 4.65e-15 -6 4.3e-16 2100
 
 
0.3 20 200 1 1
 
0 0 0
 
0 0 1
 
0 0 0
 
885 7.5e-07 1e+15 0 -1.5 1 -0.5
 
7.5e-09 885
 
 
7 20 200 1 1
 
6 6 8 0
 
0 0 1
 
0 0 0
 
885 7.5e-07 1e+15 0 -1.5 1 -0.5
 
7.5e-09 885
 
 
100 100 0.2 0.2
 
2.92 -0.2 0
 
2.92 0.2 0
 
0 -30.3 0
 
0 0 1 0.4387
 
8000 1.1e-14 2.1e+10 10 0 1e-29 8000
 
 
20 10 15 600
 
0 0 1
 
0 -46 1
 
8000 1e-14 1e+09 260 1e-30 8000
 
 
2 2 6 2.63 1.95
 
0 0 0
 
0 0 1
 
0 -200 0
 
8000 3e-14 2100000 20 0 1 -0.5
 
5.7e-30 8000
 
 
10 15 1
 
0 4.4
 
0 -200 0
 
9000 3e-14 2.1e+10 500 1e-30 9000
 
 
4000 0 1e+07 0
